1300300
1304830
1303766
1301494
1306447
1301700
1301337
1302064
1307417
1305026
1304461
1304588
1304734
1305324
1303012
1306308
1300286
1300144
1304935
1301709
1301613
1307847
1307834
1302602
1307793
1304330
1303906
1305728
1302827
1303304
1305284
1303754
1306362
1303893
1300463
1305165
1301404
1300517
1304413
1304495
1300599
1301081
1307510
1305604
1300375
1300312
1307286
1307465
1305944
1301346
1306896
1305941
1303367
1303137
1302131
1306060
1301508
1301313
1306454
1304747
1307074
1300971
1306000
1301683
1307468
1302762
1302017
1301333
1306114
1300204
1300367
1303473
1300313
1306403
1300658
1302574
1307755
1302421
1300906
1303394
1303559
1300511
1302061
1300913
1304844
1300410
1302948
1307128
1303862
1300733
1307222
1305388
1307063
1301669
1305086
1300042
1305231
1301304
1304962
1304964
1307341
1305208
1302417
1307179
1306267
1303487
1306476
1307340
1307240
1303885
1306593
1305864
1301659
1303549
1303539
1300527
1304343
1300085
1300176
1303166
1302377
1304375
1300430
1307827
1303281
1300132
1304055
1300133
1303195
1307371
1302482
1302537
1301842
1307613
1301623
1301926
1306577
1305110
1305700
1300956
1301472
1300364
1301453
1301102
1300884
1304690
1305683
1300082
1307779
1301943
1306710
1305013
1304916
1300976
1302500
1302492
1300654
1306044
1306356
1303378
1302296
1306261
1307047
1306693
1301214
1304612
1301901
1302098
1304631
1300570
1303805
1302694
1305724
1303163
1300326
1303710
1307710
1307189
1301177
1306345
1300180
1300045
1304676
1306570
1300677
1301757
1306254
1306913
1307265
1302020
1304454
1301520
1306996
1305903
1305785
1302108
1306907
1302103
1300201
1307542
1307863
1300186
1300730
1300096
1305455
1302350
1305431
1301371
1301701
1307700
1301424
1300623
1303852
1306589
1306787
1305844
1305478
1307119
1303752
1303533
1302942
1303773
1301788
1304792
1306985
1301975
1302687
1300292
1304908
1304253
1306234
1304130
1307487
1303450
1302949
1303423
1306993
1307983
1301512
1302865
1302604
1300621
1304928
1304335
1301433
1302727
1303270
1301319
1305704
1301674
1306153
1302793
1305601
1300356
1300393
1306718
1306949
1300846
1300806
1300853
1300536
1304684
1306564
1305807
1302245
1303905
1300295
1302479
1302841
1306022
1305360
1305579
1307201
1303869
1306559
1300748
1302297
1302082
1300553
1304991
1302222
1305756
1303245
1301720
1304208
1305486
1305301
1300460
1301513
1301401
1302849
1304756
1302533
1305092
1304355
1305376
1307536
1300347
1305848
1307890
1305317
1300444
1306742
1306395
1300800
1305155
1302291
1300551
1304817
1301459
1300029
1302909
1306927
1300595
1306828
1304839
1306096
1301782
1303861
1300564
1305270
1307712
1300672
1306202
1302508
1303046
1300860
1301375
1304561
1304597
1305009
1305786
1304628
1301173
1307414
1302326
1306497
1304079
1301444
1305591
1300954
1300397
1302699
1307519
1302346
1307138
1304836
1301939
1307190
1307754
1301638
1305594
1307957
1301874
1300701
1304358
1303138
1301147
1301976
1301910
1303023
1305115
1304865
1305242
1301243
1300645
1301427
1303385
1300583
1300650
1302279
1306928
1302310
1306272
1303247
1307804
1306644
1307175
1306778
1306377
1305816
1307273
1307148
1304941
1301368
1302080
1307679
1302478
1306957
1300447
1302635
1303983
1307671
1305074
1303323
1307556
1306803
1301749
1304397
1303707
1304349
1307780
1307964
1307645
1307763
1307987
1307484
1305782
1307643
1305887
1303749
1300368
1301416
1306916
1302036
1302151
1307673
1306705
1305742
1307225
1301347
1307385
1300871
1300764
1307728
1302667
1304515
1307668
1305832
1304644
1306458
1306309
1304047
1306915
1300449
1307590
1301166
1300062
1302086
1306998
1306835
1306364
1306083
1301249
1302104
1305770
1300126
1307384
1302011
1300714
1301733
1301966
1303282
1302940
1304911
1306964
1300122
1300789
1306762
1300744
1306632
1307084
1303080
1307404
1306792
1302186
1301018
1303447
1306339
1306464
1303099
1304491
1302023
1307101
1300816
1307170
1307775
1304525
1306909
1305070
1306922
1305308
1306502
1301428
1300183
1304539
1301429
1303338
1304303
1307171
1305514
1300254
1306521
1303248
1307880
1304216
1300880
1306238
1303720
1306939
1307512
1307344
1305615
1307767
1303006
1307320
1300398
1304369
1301289
1301551
1304000
1300879
1301834
1303444
1304119
1305814
1307705
1303466
1302715
1302480
1302630
1304595
1300208
1307421
1304992
1300450
1304056
1306390
1301640
1303295
1307879
1305527
1301852
1303328
1301486
1303842
1303311
1303746
1303813
1302741
1304263
1302400
1303131
1304161
1300282
1306783
1305424
1300941
1307288
1301540
1302566
1303843
1300628
1301719
1302788
1307662
1306159
1303159
1305743
1302939
1303469
1301186
1301204
1304607
1303530
1302775
1301937
1305809
1304586
1301778
1302097
1306751
1307678
1306680
1300279
1303172
1303116
1302375
1306288
1300981
1306614
1304866
1300427
1307637
1303093
1303406
1300104
1307667
1306647
1306701
1305178
1300441
1304215
1303651
1306526
1305727
1304596
1302043
1305058
1307302
1305918
1304889
1307311
1304138
1300406
1307756
1306887
1304306
1307569
1301283
1300587
1301609
1305758
1300770
1301536
1305394
1304264
1302259
1300196
1306811
1307268
1305392
1305543
1302750
1305010
1300828
1305692
1303894
1304678
1300138
1306295
1305141
1304699
1303929
1301799
1306700
1300900
1303800
1300055
1304279
1305453
1302934
1305934
1301822
1302547
1300247
1304624
1305383
1304112
1302974
1307592
1306366
1300110
1306746
1300052
1302425
1306875
1305977
1300573
1304480
1304057
1307892
1307995
1303310
1307054
1303316
1300287
1303002
1301988
1306278
1300203
1306804
1300593
1304415
1303697
1304573
1302372
1307996
1301528
1304619
1303053
1302409
1300345
1301388
1305045
1304353
1305460
1305798
1303774
1301980
1305410
1304158
1306068
1307108
1304417
1301587
1306477
1305912
1303424
1301280
1302787
1305540
1304499
1303158
1305131
1306365
1303653
1300933
1303242
1305659
1300760
1305183
1307235
1304001
1300694
1307829
1307949
1301879
1303030
1303124
1304409
1303455
1301056
1305778
1307727
1302922
1306129
1303239
1300795
1306316
1307776
1305310
1302024
1306541
1304961
1303851
1305515
1304481
1300298
1301348
1306933
1303872
1303325
1300198
1301344
1300323
1300019
1304365
1304496
1304260
1300193
1305837
1303121
1303993
1307321
1305406
1302989
1306485
1306994
1304145
1302051
1300303
1305429
1306963
1303255
1306245
1303354
1302093
1301824
1305587
1307942
1302166
1302105
1300107
1305418
1300125
1306850
1304843
1303703
1302797
1304458
1300067
1300952
1303529
1300629
1306154
1302062
1305946
1302044
1303931
1306910
1305637
1300399
1307875
1304767
1303599
1302328
1301030
1304781
1301236
1306076
1305485
1306138
1303907
1305836
1303191
1307378
1305851
1304324
1303721
1304304
1302504
1303302
1302605
1301252
1302767
1307180
1303784
1306509
1301053
1304195
1304670
1307703
1303459
1305511
1306416
1307207
1303711
1307631
1300839
1306740
1300317
1307813
1304054
1300537
1306301
1306809
1305179
1306408
1305111
1305846
1301126
1300545
1303165
1301556
1307523
1304080
1306495
1300290
1300021
1305433
1303911
1304826
1302392
1301836
1305172
1306723
1301618
1304003
1307975
1301400
1302313
1305420
1302286
1307252
1302129
1306077
1303010
1306728
1305991
1300035
1303986
1302768
1302782
1305232
1301159
1302318
1305959
1300877
1300046
1302228
1306517
1305799
1303301
1304828
1305971
1303663
1303068
1302200
1304750
1303387
1307545
1301698
1301711
1304060
1305351
1303713
1302248
1305580
1306953
1300903
1300696
1301203
1306734
1306478
1303081
1300301
1304329
1301996
1300143
1306839
1305082
1303280
1305760
1307143
1307677
1306349
1300340
1306855
1304227
1304739
1306492
1301015
1300162
1305534
1300928
1302282
1300221
1304918
1306833
1306429
1307923
1301747
1307676
1302349
1303360
1304445
1301108
1304368
1304339
1303544
1305234
1300057
1303476
1303458
1301132
1300009
1304435
1301029
1301970
1302828
1301548
1300725
1301163
1301005
1306761
1303001
1305327
1303415
1306968
1305401
1302516
1306139
1304271
1303078
1300342
1306299
1307650
1301402
1304987
1305712
1307557
1303782
1303402
1303460
1301590
1304720
1303077
1300234
1302048
1300154
1302285
1305057
1304559
1307798
1301468
1306827
1303627
1304718
1301642
1306715
1303433
1305744
1307083
1307422
1301393
1304098
1301922
1304883
1307708
1302579
1300344
1306576
1306500
1307043
1304775
1304647
1304302
1302641
1303988
1303353
1303146
1302600
1300494
1302027
1304980
1307362
1305955
1307156
1304726
1303297
1302175
1304853
1302531
1305286
1302485
1306002
1306892
1302398
1305779
1302117
1300750
1304256
1300565
1303050
1307217
1301384
1302445
1301651
1304206
1302853
1303263
1302916
1307110
1302331
1305533
1301349
1301199
1303132
1307907
1303318
1302947
1306834
1301311
1306876
1304421
1300983
1300617
1301100
1305706
1303344
1301903
1303098
1301740
1304975
1304555
1304827
1301843
1304934
1305034
1307322
1304891
1302973
1306247
1302824
1306938
1303700
1303814
1303517
1307076
1301307
1307843
1302290
1300708
1304351
1303366
1303101
1302726
1300690
1302055
1302182
1301553
1305508
1305280
1300548
1306609
1307758
1303128
1302422
1303973
1305184
1300522
1303048
1301867
1305338
1305688
1302801
1305566
1302859
1304862
1303878
1300379
1304903
1305014
1303654
1300428
1305708
1300099
1306884
1301091
1307859
1306695
1302610
1307369
1302957
1301624
1301887
1303013
1305391
1305611
1303225
1303260
1306912
1300218
1306213
1306924
1303025
1301125
1301907
1305228
1300215
1302833
1303557
1304239
1302078
1304420
1304379
1307725
1304770
1304658
1302728
1307621
1303741
1305052
1301052
1302034
1300957
1304199
1305372
1304468
1306094
1300386
1301864
1303917
1307151
1304137
1303661
1305022
1307714
1307850
1307081
1305877
1305923
1304292
1302615
1304697
1307665
1307327
1300451
1304419
1306904
1304209
1306190
1305932
1300192
1303403
1301477
1303193
1307139
1300585
1307389
1307102
1307922
1307872
1301861
1304954
1304704
1302732
1307774
1306460
1300562
1301679
1304141
1303942
1302139
1307345
1307394
1302450
1302219
1303832
1307630
1307003
1306388
1302565
1306471
1300834
1302156
1304940
1301542
1305820
1300603
1303562
1300810
1305075
1302890
1301469
1302321
1302559
1300273
1307910
1305454
1307183
1303525
1300676
1301119
1303267
1301610
1303616
1300153
1303088
1301607
1302177
1303063
1307152
1305350
1300404
1303717
1302611
1305531
1304542
1305297
1306264
1301968
1303596
1302271
1300482
1302322
1307367
1301693
1301546
1307206
1306006
1305375
1300771
1303722
1304912
1307549
1303020
1300684
1301620
1304789
1300315
1302589
1302056
1304259
1303704
1300477
1307478
1303904
1302704
1306282
1303089
1302371
1306650
1305921
1300566
1302789
1302385
1301167
1306853
1305128
1302238
1300590
1301658
1306802
1300547
1300272
1306047
1306588
1306380
1305170
1306157
1300423
1305954
1301322
1302302
1300075
1301075
1302879
1304804
1300589
1306556
1302608
1301308
1307626
1307135
1303701
1306753
1302563
1300374
1304694
1301912
1307164
1306755
1304290
1307323
1300163
1302886
1307894
1300682
1302899
1302867
1305333
1300403
1306619
1303637
1306947
1304428
1304222
1302747
1303334
1303485
1300232
1305986
1304433
1303420
1303493
1306529
1304560
1304884
1305948
1305467
1300233
1304594
1307599
1300673
1300190
1304920
1307334
1305397
1302293
1305554
1306223
1306950
1304039
1303278
1305833
1300384
1304807
1305137
1304289
1304600
1305873
1301301
1307274
1304185
1305623
1306610
1301617
1300533
1306069
1302875
1302085
1300487
1300528
1305305
1301985
1301557
1302754
1302474
1300597
1301753
1300747
1305668
1303839
1305714
1303825
1304430
1307999
1305107
1307146
1306012
1301941
1304688
1305817
1303614
1307177
1306341
1307574
1300968
1305490
1304705
1301017
1300310
1307184
1304179
1307990
1305176
1301890
1301087
1304172
1302784
1305300
1300668
1304392
1302090
1306626
1300357
1304831
1302542
1301706
1305885
1301497
1305627
1306538
1305840
1300434
1304448
1305438
1301457
1307088
1300478
1305299
1305748
1305690
1306262
1303365
1305665
1304887
1302340
1302046
1305663
1307583
1301896
1300289
1306381
1303026
1300500
1302510
1300683
1302844
1306175
1301312
1300901
1304722
1301217
1301920
1300812
1302975
1303769
1301450
1306101
1307221
1305622
1301157
1306681
1301863
1303313
1306664
1301419
1306235
1306417
1304590
1303524
1304970
1301074
1306881
1305491
1300015
1303636
1300970
1306055
1305672
1303272
1305676
1305938
1301421
1307223
1302102
1303065
1306298
1303413
1303130
1306203
1301562
1300325
1302593
1301760
1307169
1300689
1303224
1300175
1301509
1307159
1304484
1300054
1304380
1305733
1302702
1301303
1301830
1300598
1306305
1300993
1300366
1306797
1305644
1305679
1302935
1301993
1301859
1303887
1303217
1304859
1305781
1305366
1303324
1306989
1305296
1303939
1304904
1305102
1307374
1305768
1305759
1306554
1307862
1300433
1306426
1305755
1306581
1302915
1301979
1304038
1305233
1307881
1305674
1300445
1303396
1302096
1300691
1305125
1306130
1302273
1304900
1307941
1306231
1303566
1302614
1303109
1305624
1302325
1302481
1305321
1301258
1306075
1306752
1305872
1304093
1302007
1306744
1305127
1307004
1302133
1305212
1301061
1302912
1307455
1307020
1306042
1300385
1301704
1306607
1307992
1302831
1302885
1300678
1304565
1306401
1300845
1303781
1301309
1304058
1307496
1305312
1306016
1301382
1306683
1300768
1303474
1300050
1307080
1302551
1301128
1306185
1300665
1302783
1301849
1300851
1301446
1307642
1303913
1301023
1307860
1303923
1305725
1306211
1304457
1300667
1302241
1305291
1304771
1304167
1300420
1306877
1300624
1304022
1303969
1306015
1304943
1304580
1306793
1300141
1302261
1305558
1306037
1304446
1305187
1301441
1303688
1301796
1305336
1305974
1305964
1300006
1304785
1307172
1301351
1305229
1302140
1307383
1301410
1302009
1306394
1300726
1305561
1307069
1301591
1300779
1303136
1306986
1306940
1304163
1307329
1300505
1300985
1307761
1300514
1304034
1302693
1306630
1305239
1306354
1300395
1302037
1300299
1304895
1307278
1307772
1300341
1307050
1304656
1302924
1303209
1303950
1300124
1301750
1300757
1306181
1304504
1306631
1303190
1300268
1306439
1305771
1300990
1302195
1305285
1301809
1301366
1302010
1305634
1300889
1303004
1302225
1300649
1303595
1301936
1306543
1307963
1302448
1307061
1307266
1303118
1301952
1307290
1305973
1302299
1305311
1301085
1304452
1304472
1303538
1305940
1305550
1305202
1301182
1301667
1305931
1303996
1301406
1305605
1301532
1304947
1301439
1302523
1307686
1301710
1305271
1303944
1307688
1303685
1302777
1304809
1305889
1306714
1302406
1306480
1302130
1307918
1305813
1301465
1302576
1304436
1302719
1300041
1307294
1304629
1305757
1306699
1303938
1305298
1303946
1301804
1302710
1306073
1301754
1305905
1306923
1306187
1303974
1300686
1304735
1300206
1300060
1301078
1307306
1307991
1302856
1307089
1302591
1305000
1307946
1300191
1307641
1307431
1306780
1307377
1302407
1305459
1304146
1305660
1304223
1302275
1307357
1301873
1307766
1300266
1302427
1307666
1305983
1303516
1305795
1300101
1307669
1303498
1305803
1305947
1305892
1304779
1301588
1302120
1300576
1304010
1306757
1305101
1304569
1301616
1303725
1306871
1304773
1301828
1307967
1306520
1305513
1307757
1306152
1307760
1303422
1304041
1305559
1305006
1303288
1303836
1303947
1307157
1301794
1307564
1304942
1305012
1304370
1307450
1306638
1303739
1306340
1307562
1300865
1301882
1307883
1302013
1300117
1302014
1305972
1307059
1301058
1304583
1305528
1306557
1301397
1306438
1304502
1300743
1305499
1305640
1304198
1306527
1304557
1304425
1301233
1307437
1306382
1305569
1303541
1307077
1301438
1301586
1305419
1304498
1301911
1302991
1307134
1302766
1305235
1300538
1305265
1304505
1304856
1305525
1304332
1303845
1300788
1305124
1306600
1307926
1302544
1304642
1303350
1306028
1301575
1305738
1300483
1304707
1300619
1302342
1305551
1300706
1302324
1300769
1307747
1302384
1303520
1303034
1301216
1301567
1305628
1306657
1304490
1300435
1303807
1303220
1300166
1302666
1304078
1301805
1300348
1306616
1305596
1300663
1301766
1301088
1301160
1303556
1301758
1301972
1306483
1307040
1302512
1307178
1301585
1307419
1304235
1301117
1300741
1307997
1307817
1304764
1306058
1306682
1304783
1304225
1306770
1307060
1307900
1303968
1307500
1304357
1303495
1303755
1303279
1304440
1307694
1301065
1306736
1307398
1305274
1302370
1303937
1301534
1300912
1303269
1305386
1307614
1303795
1306019
1303292
1307617
1303356
1301161
1307267
1306988
1300245
1307261
1307005
1301563
1304411
1304564
1303123
1307460
1304214
1300703
1306743
1303362
1300184
1305701
1305088
1301977
1305792
1303464
1302411
1304127
1302972
1304929
1307751
1302430
1307771
1305913
1305645
1302598
1300843
1307405
1302691
1300961
1307352
1306643
1304006
1305552
1300749
1306782
1306363
1305763
1304031
1306437
1302455
1304880
1302902
1304566
1301935
1306935
1302343
1300165
1305691
1301759
1300627
1305680
1300381
1307796
1307142
1300767
1303223
1307442
1302443
1305584
1301826
1303902
1304261
1306829
1300829
1303399
1300146
1306951
1301786
1302665
1306640
1302737
1307229
1305148
1304393
1304683
1307730
1307176
1307697
1306979
1300568
1302601
1303391
1307787
1300917
1306131
1301398
1304938
1301259
1300988
1307866
1306210
1306193
1300960
1300503
1302679
1300228
1301300
1307887
1305610
1300697
1304359
1301789
1305661
1302277
1302110
1301774
1300454
1307018
1300363
1302138
1303069
1301917
1307281
1303049
1303958
1301116
1300164
1301267
1301035
1302220
1302553
1303965
1306100
1304805
1304035
1307336
1306372
1307602
1305649
1301043
1301643
1303853
1304477
1306348
1305468
1307214
1307692
1302212
1300496
1303243
1302643
1305572
1304312
1306579
1304907
1307070
1305793
1302541
1305307
1304017
1303940
1305495
1301716
1301511
1302943
1302052
1301385
1303978
1306317
1305219
1300464
1306410
1302059
1300241
1305812
1302618
1307016
1305004
1302701
1301279
1301239
1300205
1300594
1302239
1307871
1307285
1302457
1306115
1306287
1302081
1303871
1307538
1301829
1306442
1304245
1301906
1300350
1307324
1305428
1305329
1304156
1307586
1307312
1303600
1304027
1304075
1307476
1303578
1304085
1300425
1303475
1304474
1302499
1300857
1307112
1307123
1303133
1300270
1302339
1307853
1302089
1305969
1303762
1301338
1302814
1304874
1300456
1306183
1305279
1305346
1301736
1304598
1301327
1303841
1301647
1301372
1304238
1302250
1302187
1304589
1303751
1307585
1305581
1302306
1302548
1301694
1301997
1306567
1307181
1303306
1301247
1302802
1306161
1307578
1306373
1306097
1307122
1306575
1306573
1303620
1301942
1307027
1301565
1300717
1302154
1302167
1306990
1301858
1305230
1301154
1301899
1302204
1303519
1307464
1307742
1300821
1306232
1303275
1307410
1302111
1301791
1307034
1302244
1303589
1306039
1307778
1306112
1306571
1300121
1304401
1303605
1301036
1302413
1302730
1302757
1303308
1303139
1302376
1301661
1305617
1302365
1303598
1300160
1303481
1300495
1306035
1300506
1307397
1301904
1302006
1307553
1300349
1301510
1302656
1304248
1303439
1304709
1301507
1303100
1303603
1304348
1303506
1303756
1307580
1305539
1305824
1301253
1302936
1306769
1306929
1303724
1300469
1307105
1300432
1304097
1307984
1305678
1304367
1306592
1300660
1305599
1303084
1307515
1302815
1301175
1301938
1303033
1304470
1300813
1306925
1305914
1306966
1303934
1301184
1303368
1306505
1305390
1302456
1303582
1301498
1302209
1300078
1307115
1301598
1302897
1303591
1304546
1301127
1307930
1305737
1300632
1302272
1306750
1300669
1302624
1306353
1301957
1305854
1307356
1306411
1307491
1300543
1304274
1300437
1306370
1306199
1300786
1305487
1307409
1306859
1306192
1305993
1301765
1305823
1303515
1300987
1305810
1303059
1305136
1305966
1303719
1303696
1301648
1300515
1306754
1302497
1304319
1304489
1303244
1304875
1305988
1302911
1305342
1307604
1302581
1301894
1306098
1307632
1301947
1306707
1304169
1303395
1303955
1303377
1305784
1304134
1307660
1303957
1303212
1306146
1302584
1306899
1303799
1300337
1305347
1307202
1300946
1304871
1307977
1303662
1303184
1303375
1307612
1305911
1306122
1301449
1304406
1307908
1305899
1301362
1307006
1303528
1304548
1307351
1300278
1302631
1305309
1306446
1301735
1302868
1300343
1305881
1306612
1307153
1300826
1300945
1300200
1301855
1304693
1306801
1307506
1307071
1300508
1307898
1305874
1306310
1306860
1305377
1302795
1305532
1302860
1305474
1304944
1302307
1300610
1303667
1300022
1304820
1303764
1302360
1307568
1302549
1304572
1303199
1307587
1300602
1302876
1303457
1305827
1305159
1303073
1305192
1306690
1301781
1307098
1300510
1306474
1307695
1307477
1304113
1305385
1303819
1304951
1306315
1305448
1301271
1307873
1302254
1303737
1300128
1305520
1302647
1304416
1307197
1307886
1302639
1304224
1300402
1306637
1303218
1307541
1304872
1303655
1302008
1302958
1304032
1301101
1300109
1301574
1300486
1302484
1302609
1302470
1305479
1302863
1301241
1306788
1301682
1300876
1300448
1306608
1304394
1307914
1300238
1303975
1306463
1300061
1306468
1304247
1300542
1307782
1303726
1307242
1301196
1304378
1305011
1304691
1303681
1305722
1305257
1306165
1302165
1307928
1303320
1305585
1301318
1305044
1302260
1304168
1306246
1306670
1303456
1305216
1307566
1303463
1307808
1302714
1303180
1305895
1304657
1303828
1304118
1300604
1306519
1301415
1303418
1301992
1303261
1307127
1304808
1300611
1306522
1300558
1301744
1303638
1301188
1304129
1302607
1301543
1300524
1303451
1300355
1305909
1300766
1300606
1300965
1307036
1305797
1307210
1306633
1307209
1302408
1301379
1307589
1304323
1306198
1302530
1305464
1306164
1301335
1307150
1302028
1303085
1305059
1306982
1300059
1301358
1300429
1304855
1304182
1301139
1305696
1307408
1303808
1304398
1302517
1306587
1307535
1303018
1305498
1304363
1301255
1301797
1300488
1302215
1300709
1300867
1307720
1304314
1303346
1306413
1307849
1304510
1307232
1303571
1300762
1305549
1307840
1307381
1300664
1305268
1304649
1307765
1305104
1302623
1305920
1306847
1306219
1303563
1302476
1306846
1307208
1302207
1305718
1303635
1305666
1301008
1303175
1300526
1302152
1300476
1305095
1300000
1304088
1307844
1301331
1301057
1303898
1304081
1305369
1305446
1302334
1304819
1307958
1304741
1301317
1307933
1305434
1304311
1307723
1304150
1301535
1300835
1302213
1304869
1307192
1307066
1302191
1305440
1306053
1303817
1303633
1303021
1304881
1302029
1302418
1307129
1307046
1307893
1301848
1302429
1300530
1303672
1304902
1306676
1302878
1306227
1305897
1303058
1305767
1305957
1301222
1302436
1303381
1300468
1307680
1305780
1304221
1307254
1307416
1305646
1300498
1304696
1306808
1300808
1305962
1306004
1304262
1300177
1304620
1303639
1301835
1301962
1302178
1301064
1300214
1306666
1307316
1306116
1304667
1303277
1306124
1302071
1307280
1302439
1301576
1302475
1303154
1301745
1305445
1301708
1300607
1305902
1306260
1300609
1306837
1303152
1305345
1304609
1305361
1306236
1304614
1303738
1305612
1302075
1300151
1301981
1304025
1300195
1305399
1300874
1307471
1300172
1306786
1304299
1304765
1307801
1301354
1304061
1302157
1302265
1304313
1303027
1303398
1300380
1304622
1300134
1307615
1303999
1301062
1304254
1301482
1302739
1300068
1307058
1300094
1302690
1306974
1307359
1302226
1306709
1307166
1304965
1300540
1300032
1302621
1304128
1302676
1302561
1306120
1304967
1300058
1301010
1305861
1306952
1306902
1306729
1306027
1305252
1302380
1302955
1302040
1307588
1305288
1303111
1304937
1303142
1303119
1302041
1304424
1300411
1302884
1307729
1307073
1300090
1303283
1302722
1303733
1301897
1300491
1302619
1302134
1301525
1300216
1300285
1304633
1302072
1307543
1305880
1306713
1305119
1305862
1300727
1301273
1304482
1305002
1306931
1306326
1304315
1302977
1303767
1306790
1303718
1307402
1303742
1302823
1307053
1305225
1305492
1307014
1304669
1300521
1300613
1305829
1307423
1300809
1305067
1302121
1306997
1301955
1302136
1307532
1304307
1300869
1303253
1304346
1302077
1307501
1300422
1303321
1302113
1304191
1306435
1303612
1301150
1300271
1307524
1306810
1307349
1301006
1305875
1304333
1300038
1304786
1302465
1303208
1304814
1301780
1307022
1301394
1302176
1305174
1302962
1300362
1304587
1304220
1307657
1301093
1306194
1306745
1300909
1305214
1304910
1305164
1302332
1301425
1307117
1304116
1300457
1304700
1303510
1302057
1300376
1304218
1302836
1307376
1306109
1306658
1307954
1303989
1304240
1302410
1304850
1302527
1307989
1301649
1305870
1301232
1300466
1301329
1306082
1306444
1304276
1300079
1303735
1303763
1307691
1306486
1307901
1304537
1301916
1300219
1307160
1303816
1302420
1300293
1307392
1303005
1303436
1303959
1305068
1306292
1301248
1307555
1302804
1302629
1307194
1305811
1306861
1301550
1304636
1307716
1303991
1303467
1305589
1305937
1300581
1301731
1303915
1306511
1305089
1303419
1306956
1303211
1303203
1305960
1303291
1303657
1306613
1304939
1307748
1306328
1307595
1305866
1305380
1307026
1300220
1306653
1304437
1307262
1302771
1307480
1302189
1303618
1302925
1300567
1300118
1306178
1301432
1300796
1302845
1306561
1304650
1306735
1302967
1303874
1302088
1300641
1304020
1307509
1304023
1300178
1303788
1305069
1301306
1305568
1306451
1301703
1307037
1302987
1303649
1307570
1304627
1300354
1301392
1303592
1303087
1300642
1304551
1301226
1305370
1304599
1305047
1305489
1305224
1304672
1305169
1303743
1303388
1300612
1303221
1302352
1301227
1301671
1305144
1301027
1302144
1305320
1303468
1303207
1302180
1304084
1302268
1306606
1300157
1303668
1306029
1303844
1303899
1300872
1306256
1304399
1300722
1306330
1303820
1302438
1306191
1300967
1301496
1302626
1305020
1303213
1303736
1307648
1306206
1301741
1300791
1303910
1301350
1305582
1301983
1305328
1300832
1301854
1305686
1304582
1303797
1307420
1305588
1303918
1305592
1305597
1302556
1303927
1300502
1304533
1307314
1307514
1306281
1302558
1305839
1301275
1305130
1301579
1302685
1303732
1305593
1300028
1302894
1304105
1307832
1300792
1307759
1304833
1307253
1307023
1300693
1302314
1307526
1305564
1304745
1304328
1304326
1306854
1305322
1303461
1302336
1306265
1306148
1307508
1300966
1302913
1304273
1300688
1303553
1304796
1304280
1307432
1307482
1303314
1307701
1302874
1302678
1305442
1305316
1303526
1305536
1306172
1301803
1305037
1307263
1306889
1300898
1307624
1303502
1301630
1300084
1301403
1306703
1302163
1301291
1304361
1302798
1305949
1306651
1302452
1302582
1307109
1307521
1306428
1305203
1301250
1307353
1300847
1304742
1300563
1302751
1300745
1301521
1303504
1303426
1300940
1307646
1301518
1305750
1300930
1305869
1306826
1305450
1304713
1307805
1304575
1301994
1301473
1302039
1301190
1302255
1303374
1303665
1306378
1300479
1307386
1304418
1301489
1302170
1303445
1306443
1302198
1302142
1307696
1301678
1304390
1304122
1303446
1307912
1301499
1306831
1303060
1303043
1300716
1300908
1304045
1301274
1303933
1302744
1302208
1301490
1306488
1303333
1306863
1304543
1300439
1300932
1307548
1301825
1302706
1300018
1305201
1307699
1301200
1305965
1301919
1305883
1304801
1305609
1305741
1301014
1301847
1301931
1301194
1300922
1302355
1306010
1306049
1302471
1304464
1304755
1300330
1305933
1303232
1302459
1307504
1303956
1306895
1300120
1303169
1306980
1304576
1307561
1304949
1301529
1306375
1306376
1303935
1305751
1305028
1303629
1305976
1306596
1306548
1307785
1305764
1304896
1306738
1300972
1307741
1306461
1300316
1303772
1302289
1300784
1304976
1304516
1300264
1300855
1307041
1304012
1304996
1302734
1305684
1306597
1305076
1300761
1306271
1305142
1300842
1300830
1305519
1306137
1302045
1300346
1303786
1303554
1306424
1302135
1307379
1307174
1301352
1303238
1301746
1304806
1301423
1301767
1306459
1307447
1305098
1305278
1306284
1305997
1306886
1303679
1301626
1307342
1300886
1305953
1303623
1304727
1303513
1304999
1303479
1300702
1305852
1303284
1301038
1303192
1302218
1303768
1305942
1303505
1301296
1306540
1305071
1305521
1303579
1306302
1306312
1306523
1304864
1300409
1302083
1301223
1307012
1300070
1307270
1306359
1301197
1306344
1305570
1302638
1300790
1302729
1304391
1304002
1304095
1304668
1306719
1306071
1307608
1305494
1306624
1300974
1305935
1307418
1302311
1307103
1303831
1301900
1306749
1304552
1303441
1302335
1302050
1303936
1301564
1301840
1303860
1306955
1300471
1300199
1303092
1304101
1303601
1303866
1307868
1307988
1301059
1304863
1300093
1307819
1301007
1305653
1307951
1302673
1300129
1301185
1300520
1303647
1303032
1301436
1301414
1301670
1304069
1303512
1300269
1302575
1307325
1305103
1301115
1306818
1304922
1306150
1303104
1302932
1302816
1304086
1305483
1305422
1307204
1307511
1300644
1302100
1305565
1301730
1300002
1302723
1301097
1304099
1301727
1307855
1306233
1301734
1301420
1302047
1305999
1304083
1305849
1307044
1300244
1300351
1304777
1300217
1300170
1302236
1303400
1305221
1306544
1302312
1307528
1302205
1303815
1302550
1307571
1306133
1303901
1304175
1304488
1307998
1303241
1306772
1307573
1301138
1303702
1306322
1303147
1303429
1300087
1307953
1305930
1302513
1301908
1304387
1300319
1301019
1301054
1303765
1302389
1304037
1305156
1301263
1302147
1304508
1302546
1305600
1304749
1301140
1302528
1304126
1306467
1307943
1306717
1303373
1307572
1301707
1302738
1305608
1307002
1302214
1300382
1305745
1307062
1302713
1306813
1307993
1301068
1301129
1300489
1300322
1301476
1303745
1304605
1304479
1304776
1302966
1305275
1306070
1305567
1307653
1301073
1300436
1306473
1306470
1304327
1306862
1302622
1302193
1306905
1302442
1300426
1302976
1300698
1302347
1307947
1304558
1303622
1301795
1305871
1301107
1306919
1302463
1307927
1301399
1304109
1306274
1304281
1307035
1303055
1306873
1307552
1303430
1306045
1307821
1307347
1307448
1301857
1306296
1304143
1306335
1305407
1301080
1303676
1306430
1301932
1306691
1304601
1307644
1302906
1304743
1300187
1304189
1303587
1302620
1303980
1303594
1305042
1306066
1302671
1300265
1302026
1303982
1304640
1300805
1303465
1304643
1305215
1302431
1305078
1303677
1301748
1305247
1307610
1304372
1307350
1306767
1305206
1307126
1307149
1304386
1307656
1302708
1305313
1306618
1306242
1300131
1303812
1307911
1303160
1300711
1306123
1302819
1300332
1305046
1307507
1306973
1300785
1303079
1302390
1307452
1301137
1301982
1303941
1300248
1307279
1305863
1307445
1307348
1306285
1300580
1300920
1301363
1300353
1302850
1302323
1301677
1304926
1305641
1303349
1304096
1303205
1300227
1307753
1304177
1302692
1302387
1306882
1300252
1304272
1300033
1307628
1305648
1303431
1302773
1305145
1305465
1306023
1307931
1300066
1304674
1307250
1303115
1301600
1301953
1301964
1305330
1303389
1304870
1301526
1302857
1303873
1303875
1306799
1303824
1300736
1307623
1305083
1304453
1305717
1302158
1302877
1304867
1302821
1300634
1300421
1302700
1304467
1306171
1302070
1306716
1303945
1306615
1303162
1304602
1307899
1306434
1304073
1300181
1304447
1301844
1306656
1303658
1306958
1301189
1304229
1300844
1304345
1300408
1301635
1304305
1305677
1304685
1304630
1306065
1304651
1303712
1303178
1305675
1307458
1300989
1306944
1307600
1302900
1305654
1304655
1300651
1303518
1304762
1305114
1306675
1306239
1307830
1302092
1300352
1303531
1306212
1302971
1306601
1302689
1303804
1302883
1307032
1306898
1306663
1300891
1305365
1307789
1305980
1301112
1301743
1302137
1307664
1307842
1303336
1307015
1306207
1303231
1307745
1302578
1307502
1305162
1304860
1304544
1303961
1300878
1301070
1301492
1304389
1307558
1305917
1302794
1306244
1303888
1303045
1307594
1305775
1302733
1300756
1306279
1305259
1306843
1305254
1305936
1303926
1302721
1305129
1305027
1302769
1300037
1300308
1300256
1304486
1302053
1305633
1302515
1306845
1303083
1306421
1300446
1301806
1301316
1307241
1302852
1300578
1304497
1305217
1300695
1305200
1301833
1307784
1304876
1301519
1301568
1302968
1306518
1306189
1302123
1300561
1301430
1304527
1303964
1300951
1306156
1300224
1304426
1300614
1302506
1305699
1306623
1300149
1305868
1305886
1306276
1307216
1304577
1301650
1303883
1301269
1303041
1301028
1303857
1303440
1304917
1306346
1306991
1305658
1306361
1301945
1300929
1302329
1303307
1301654
1304246
1307530
1305331
1307031
1302617
1305427
1303882
1302472
1302035
1303708
1302000
1301411
1303880
1306921
1305117
1305855
1306686
1300145
1305400
1303411
1300415
1304336
1307248
1301474
1304591
1305241
1300230
1300799
1301463
1301328
1300999
1302378
1300739
1305577
1307413
1305195
1307338
1301819
1304364
1301851
1300297
1304877
1300894
1307750
1306971
1300064
1305292
1304174
1307388
1305709
1306300
1303355
1302753
1301776
1300242
1306379
1306795
1302655
1300588
1307303
1305413
1304180
1304483
1302382
1306512
1300438
1303428
1301820
1303560
1304005
1300396
1302304
1306170
1302779
1300222
1300016
1300034
1303864
1306692
1300236
1304925
1306396
1307449
1303631
1303047
1305461
1305437
1301815
1302235
1301153
1302796
1301973
1302539
1306598
1305236
1301500
1301915
1306143
1302645
1307363
1301095
1307769
1305091
1304202
1300103
1305950
1304258
1304463
1300765
1307800
1305249
1303489
1304511
1304919
1305326
1306960
1301386
1305995
1307213
1306679
1306535
1307055
1301728
1307429
1300156
1301876
1302246
1300288
1302469
1300616
1301046
1304521
1302540
1307131
1304310
1301599
1306482
1301872
1305535
1303337
1305096
1305314
1303604
1304969
1301447
1302941
1302234
1306507
1301343
1305647
1301739
1307483
1307226
1305182
1301099
1306901
1304703
1300626
1307616
1302595
1302872
1305021
1300431
1307247
1303776
1302858
1306423
1302486
1304205
1302650
1302505
1304803
1305049
1305295
1304535
1302707
1303561
1306450
1303134
1301370
1300631
1305815
1306374
1307307
1301950
1300413
1302990
1300735
1306661
1307518
1301816
1301330
1302184
1307950
1304788
1301657
1303319
1300640
1302263
1301105
1301717
1300850
1307698
1304089
1302412
1307010
1306851
1305205
1300036
1307891
1305603
1305890
1305017
1302745
1304766
1306807
1304501
1306032
1307960
1302091
1307218
1305655
1304581
1300681
1302494
1301238
1306214
1301656
1300209
1305841
1303135
1304738
1305123
1301096
1302395
1305261
1301592
1303990
1302315
1306897
1304615
1306355
1304677
1304530
1306196
1302127
1303240
1303039
1301560
1305106
1304679
1303534
1304660
1301215
1302067
1303847
1301467
1303689
1302416
1306674
1306777
1305160
1307472
1306289
1302369
1303675
1307130
1307803
1302668
1302266
1301408
1303660
1301881
1303230
1304540
1302206
1300412
1304374
1300657
1303210
1304665
1303550
1307815
1307554
1304695
1303200
1304824
1301573
1305715
1302805
1301663
1304111
1306481
1307271
1303427
1302164
1307203
1306869
1306313
1301927
1300661
1304257
1302374
1306226
1301377
1301357
1306965
1307264
1306121
1306689
1305227
1302015
1307576
1305773
1305409
1300555
1300888
1307795
1303151
1306062
1300986
1305354
1302825
1301282
1305423
1302790
1303094
1307606
1304301
1302829
1301713
1301451
1304584
1305443
1306091
1305289
1302818
1300724
1306747
1305987
1301827
1306085
1307670
1303838
1304201
1300534
1302351
1302674
1301652
1301220
1302532
1303855
1302032
1306766
1300309
1306415
1307544
1304837
1306493
1300655
1302509
1307220
1301171
1304318
1305943
1307106
1303145
1304051
1306457
1303687
1304013
1303052
1305154
1304914
1305452
1301578
1305112
1300311
1303585
1307490
1307328
1305087
1305099
1301986
1300887
1303771
1305512
1300171
1302468
1305470
1302644
1302179
1303341
1305402
1305344
1300885
1301933
1303148
1301689
1307682
1306290
1301523
1302873
1304277
1304815
1307137
1303000
1300577
1300320
1301092
1304993
1306334
1302042
1300892
1304434
1300296
1307814
1306779
1306748
1304846
1303016
1307309
1306275
1305752
1300662
1305702
1304492
1305210
1303693
1302864
1305121
1301353
1305754
1300370
1302870
1305563
1306930
1305925
1301042
1301666
1305796
1303536
1306400
1304984
1305032
1307459
1306547
1305642
1306911
1301270
1304768
1301771
1302253
1302961
1301051
1306891
1307017
1300004
1301022
1305574
1303976
1307845
1302918
1306655
1304212
1301104
1301298
1305065
1307276
1307145
1300240
1304241
1300866
1301954
1303309
1304706
1304924
1307974
1301219
1301361
1306338
1303967
1306694
1304593
1303265
1304851
1304621
1305348
1305188
1306665
1301462
1303659
1301231
1300102
1306580
1304994
1303326
1303775
1301832
1302327
1303407
1303117
1306003
1305898
1305472
1300280
1301480
1300975
1307255
1304178
1303780
1301281
1304702
1306824
1302280
1305524
1301049
1302891
1306688
1302397
1300827
1307531
1307920
1307823
1300115
1304476
1300937
1303384
1301124
1307839
1304285
1306144
1303787
1307777
1301690
1303167
1302386
1303470
1304715
1303198
1301040
1305175
1305506
1305132
1306026
1303035
1301491
1305713
1301221
1302905
1307773
1300294
1302772
1303015
1305277
1304538
1305732
1306725
1300890
1305928
1304971
1300168
1305255
1305237
1302748
1301123
1300452
1307888
1306034
1301413
1303984
1304283
1301365
1301020
1300979
1302684
1302660
1303112
1301475
1305662
1303256
1306167
1307470
1300361
1306649
1307052
1307982
1300973
1307706
1304547
1307965
1302820
1305555
1307451
1307684
1302882
1300092
1303390
1302697
1303995
1305481
1305694
1303289
1307874
1300086
1301435
1301024
1301205
1301584
1303376
1304164
1307118
1302305
1301653
1302460
1305404
1306794
1303250
1300197
1300643
1307791
1303416
1300674
1302985
1306842
1302018
1306391
1306494
1306945
1300782
1301481
1302606
1301583
1302848
1301808
1306524
1300980
1307001
1303791
1306472
1300155
1302718
1304550
1306125
1301987
1307067
1300371
1301170
1302217
1301145
1304946
1301839
1302910
1301725
1302696
1300097
1302587
1303273
1303971
1306132
1307836
1301807
1306572
1307200
1301229
1301612
1302652
1302404
1306604
1302196
1307824
1301593
1300010
1306177
1305196
1306180
1306620
1304673
1300056
1307905
1305050
1301442
1307497
1302938
1304519
1300653
1302069
1300307
1304187
1303492
1303215
1306240
1300229
1305747
1303143
1307902
1307809
1303794
1306562
1306422
1301893
1303276
1304173
1304637
1305077
1300111
1304159
1302632
1303686
1304396
1303062
1301718
1300207
1303914
1303570
1306084
1300571
1304115
1301811
1307513
1307173
1306168
1304048
1305315
1302711
1303204
1304015
1301086
1304340
1304528
1301094
1301924
1304007
1306868
1307380
1303179
1305108
1304979
1305381
1307593
1305859
1303340
1306943
1304610
1304295
1304176
1301033
1304316
1300305
1302898
1303552
1304879
1306635
1304266
1304930
1301334
1301172
1301869
1304618
1307136
1305304
1306314
1302917
1301082
1304211
1302252
1303572
1302573
1301025
1301755
1305258
1305650
1300955
1305636
1305005
1300453
1302519
1304284
1306200
1303678
1301367
1306741
1305635
1304298
1303482
1302124
1307256
1301696
1306785
1304784
1302770
1301089
1303161
1301752
1303573
1305207
1300389
1301974
1300302
1303056
1301504
1300331
1305097
1306323
1303090
1300938
1304793
1304019
1300592
1300480
1303740
1307400
1307132
1304154
1303617
1300532
1301230
1306332
1301675
1300962
1305048
1304955
1306642
1301143
1300150
1300996
1307326
1305915
1301134
1300048
1306110
1303501
1304509
1304754
1302258
1307919
1306179
1305698
1302590
1306268
1304623
1307399
1307355
1301783
1307094
1305358
1305436
1300907
1304455
1305867
1300327
1301779
1303237
1304556
1306634
1306622
1305449
1304449
1305878
1301533
1305523
1303264
1307709
1303977
1301395
1302394
1303042
1304070
1305267
1307658
1301000
1304936
1303370
1307702
1303103
1303895
1303201
1302229
1300978
1302683
1301325
1306662
1302843
1302415
1304840
1306687
1305537
1302682
1303849
1301880
1306249
1302357
1304778
1305888
1302954
1306555
1301522
1303900
1303998
1305190
1305830
1302373
1305226
1302937
1302262
1303837
1302743
1302929
1307704
1300263
1306866
1306893
1307856
1305958
1307605
1304450
1304529
1305497
1300998
1306369
1307313
1300713
1301784
1300732
1305025
1301458
1307064
1307807
1301251
1303149
1301722
1307205
1306201
1306917
1301169
1307492
1302688
1302381
1302892
1303471
1301495
1300958
1307820
1307375
1306534
1300948
1307239
1303793
1303141
1301174
1302210
1304068
1302348
1307969
1306385
1304791
1306504
1303177
1302712
1307373
1305516
1306856
1304383
1302181
1302171
1305367
1302946
1305719
1300051
1304868
1306677
1306852
1301664
1306243
1301958
1304568
1307681
1301484
1300401
1304278
1307039
1300636
1300024
1304990
1300763
1303879
1305033
1302888
1302995
1301268
1304608
1302247
1305374
1300123
1301485
1304469
1306259
1304724
1304104
1302717
1305526
1301434
1303822
1301164
1303503
1307925
1302483
1307986
1307904
1306975
1300719
1305808
1301374
1304648
1301705
1300158
1301198
1301888
1302627
1306585
1306822
1302534
1304356
1306823
1301785
1301193
1304816
1300552
1302861
1300815
1307903
1304733
1300740
1303555
1307011
1300572
1304231
1301775
1302231
1300831
1305723
1307391
1303644
1307651
1300525
1301292
1304728
1305482
1303778
1306848
1303643
1305408
1305670
1306532
1302107
1302240
1302813
1300202
1303858
1301777
1306721
1306056
1302670
1304042
1304753
1305363
1304818
1305039
1305625
1305140
1305282
1302881
1301067
1303129
1301589
1305821
1300334
1303011
1307828
1301407
1306409
1306333
1302765
1302320
1305439
1307165
1301389
1306014
1304106
1301860
1306318
1304232
1300601
1302839
1303107
1303171
1303438
1300755
1302725
1301272
1307607
1307498
1307051
1307981
1302432
1303300
1300257
1307505
1305707
1300523
1305963
1300419
1303863
1300615
1304094
1304790
1303127
1303932
1300007
1306934
1305853
1302695
1302003
1301261
1303233
1307718
1300729
1302356
1301559
1300260
1300088
1300896
1301302
1302419
1305463
1306830
1305697
1305476
1300492
1300365
1303405
1306456
1300875
1300212
1300493
1302128
1301181
1303615
1305631
1300072
1303694
1302919
1304300
1301838
1305223
1300392
1306103
1306858
1307934
1300490
1302594
1301209
1301763
1302466
1306844
1302308
1300794
1304282
1303664
1304036
1300718
1306646
1303730
1303508
1303404
1301063
1306969
1301531
1304520
1300873
1302507
1303779
1303850
1302112
1300883
1304746
1300959
1303715
1306784
1300119
1303846
1306514
1302174
1300484
1305776
1306880
1300550
1301517
1300023
1303628
1301478
1307762
1300679
1303417
1302183
1304268
1300798
1303036
1302657
1305800
1302680
1307864
1306712
1300529
1301998
1300656
1305364
1303606
1305518
1301632
1304203
1304033
1300031
1300720
1302132
1305008
1301207
1307082
1300474
1306048
1307291
1307640
1303262
1301631
1303214
1305209
1305619
1305504
1305272
1307436
1306216
1303610
1307895
1300924
1302980
1300531
1300848
1302994
1303848
1302498
1302477
1306257
1307937
1306304
1307655
1300043
1305956
1302345
1304226
1306072
1301960
1300246
1303886
1304838
1306402
1305621
1305998
1300838
1302664
1301066
1307396
1305651
1300685
1302811
1306720
1301971
1301210
1304603
1302300
1304117
1307690
1304026
1304506
1303507
1305664
1302065
1305560
1302716
1303607
1307652
1301530
1301224
1302854
1301034
1300083
1307091
1301479
1307485
1306660
1305860
1304410
1300324
1306273
1301949
1304974
1306140
1305389
1303593
1306946
1307913
1307811
1305276
1302169
1301201
1304857
1303268
1306092
1301109
1303259
1304923
1302428
1306237
1302654
1305456
1305614
1305825
1304886
1306731
1302659
1304708
1306325
1305746
1307238
1307095
1302524
1306297
1304861
1305671
1304157
1304878
1306052
1306059
1304626
1307734
1300369
1302842
1303532
1301047
1304067
1303809
1307411
1300020
1307425
1304514
1306763
1305007
1307945
1306673
1302153
1302076
1307619
1300840
1304082
1306134
1306542
1301364
1307033
1301237
1306987
1307985
1303928
1301320
1303963
1300715
1300069
1303537
1302921
1305405
1307736
1305607
1307724
1303150
1302084
1302835
1302749
1305502
1303499
1306306
1301724
1302785
1305055
1304716
1305421
1302944
1305457
1307486
1304371
1300919
1303748
1304897
1300814
1300728
1301118
1304149
1301254
1300759
1307021
1306054
1306972
1304714
1304787
1304404
1302458
1303625
1305530
1303174
1306903
1302903
1302525
1306815
1307852
1301339
1303312
1307790
1301595
1302441
1304338
1306722
1301256
1307155
1304473
1307639
1306796
1306558
1307013
1301691
1307116
1305850
1307620
1300501
1302520
1306498
1300462
1302636
1303577
1305541
1300291
1302752
1300652
1305546
1304071
1300608
1303830
1306397
1306209
1307462
1304200
1304439
1307337
1300926
1301077
1301633
1307390
1304236
1304213
1305143
1304184
1304337
1302155
1304063
1302970
1305740
1304162
1307008
1307799
1302401
1303496
1307838
1303486
1304024
1306431
1303997
1301886
1300418
1305073
1306706
1300137
1306491
1304848
1301914
1300868
1307970
1307372
1300707
1300504
1305529
1302677
1301549
1307732
1304317
1302330
1305090
1302686
1304160
1304456
1302583
1300630
1301315
1307577
1301889
1302830
1307689
1301885
1301502
1301537
1303274
1306368
1305168
1306672
1306440
1306079
1301314
1302927
1301412
1305264
1304898
1304331
1307093
1307565
1300472
1302869
1302354
1307049
1306926
1306088
1306358
1304723
1303040
1306954
1307638
1302616
1304008
1307433
1300666
1301211
1301645
1303954
1300776
1303953
1302274
1301340
1305248
1307503
1305253
1307426
1301729
1306984
1307233
1303339
1300405
1305720
1300824
1304193
1305353
1301813
1305729
1306311
1307529
1301566
1303648
1307260
1300044
1302264
1302149
1303236
1301113
1303197
1306080
1306215
1302781
1303669
1305260
1306469
1300687
1301951
1303176
1306117
1304091
1307584
1305185
1303760
1307097
1304632
1307295
1306605
1300560
1302405
1305845
1306977
1302030
1307215
1300925
1300793
1303293
1306711
1304405
1303500
1303951
1306351
1302358
1306789
1305772
1300130
1303876
1303331
1302810
1302746
1305985
1300076
1304451
1303867
1300116
1303650
1304103
1307147
1307366
1303966
1302625
1304664
1302981
1304958
1307185
1304153
1301655
1300943
1301905
1300394
1301323
1305263
1301737
1303484
1300700
1305357
1303930
1301902
1305425
1305939
1301225
1300670
1307721
1300861
1302543
1305415
1303806
1302979
1305016
1307818
1300699
1302649
1304028
1307195
1300921
1302276
1305302
1307659
1301326
1304921
1305189
1303925
1307249
1301202
1306462
1307591
1304782
1300267
1302341
1304133
1303017
1305416
1307579
1302031
1306205
1302316
1304915
1300977
1303613
1305093
1305062
1300893
1307489
1307921
1305109
1305281
1305303
1301853
1303833
1306182
1303796
1300081
1306036
1306602
1307968
1301114
1305505
1304135
1304014
1300773
1301984
1305590
1307365
1303948
1304822
1304190
1301921
1300836
1307251
1302599
1303472
1300554
1300026
1303363
1302950
1307493
1303453
1300997
1307277
1305151
1303114
1301155
1307030
1304124
1304294
1307162
1303611
1303916
1302496
1304427
1301723
1303095
1301601
1300671
1301135
1302648
1306412
1302168
1302049
1306530
1301037
1305945
1303818
1302269
1301581
1304139
1304443
1300475
1306221
1307675
1306684
1305783
1303271
1301634
1301286
1301383
1305403
1305689
1304545
1300579
1306107
1303443
1300424
1307841
1306453
1301812
1305471
1302908
1304142
1301978
1303194
1307317
1306490
1300339
1302095
1301380
1304675
1307654
1307835
1307300
1306142
1305556
1302118
1300516
1307783
1300633
1306508
1305924
1304016
1303287
1303108
1305910
1300864
1301762
1307534
1305462
1301422
1301995
1302640
1306111
1302862
1300074
1302956
1301011
1305901
1302185
1304513
1300235
1304748
1302982
1303987
1305826
1305177
1300188
1305238
1303811
1301002
1301969
1306009
1307932
1302447
1307474
1300646
1303892
1306568
1300249
1301544
1305066
1306629
1302367
1305896
1302756
1301072
1302488
1304210
1307167
1300210
1304570
1304152
1300557
1302669
1300811
1305753
1302951
1307909
1306890
1302799
1306113
1302146
1304995
1305053
1305343
1302019
1301688
1301622
1303699
1304952
1300549
1303646
1301098
1303859
1301660
1302493
1303298
1301850
1307802
1305094
1302807
1306160
1304963
1303216
1307078
1303219
1307339
1301260
1303521
1305147
1304957
1307516
1303992
1300758
1301802
1301516
1306383
1302368
1302569
1304291
1302792
1302642
1304689
1302437
1307332
1301895
1301297
1305269
1307158
1300817
1301991
1307025
1306983
1304422
1301012
1305968
1305842
1300704
1301234
1305553
1307079
1304059
1303909
1302567
1306914
1304812
1301818
1307906
1304760
1300992
1301773
1307124
1304040
1303695
1301761
1303397
1306224
1304666
1306229
1303551
1305133
1305907
1303652
1307869
1302526
1300333
1307029
1305251
1303317
1306151
1304196
1304712
1305787
1301865
1300600
1301625
1300936
1307424
1307687
1304350
1302731
1307973
1303723
1302724
1301144
1301929
1302242
1306266
1307882
1300262
1302012
1301555
1300459
1303254
1302628
1302871
1300391
1302580
1301493
1301373
1305884
1304444
1306894
1307293
1305334
1304625
1305484
1301396
1300167
1307319
1303731
1304503
1307746
1303286
1300277
1300071
1305721
1300497
1303372
1307537
1304120
1303632
1300091
1307161
1301277
1303576
1304616
1302232
1301284
1307707
1305444
1307331
1304270
1304308
1301934
1303408
1305158
1303757
1306319
1300185
1306569
1300284
1303303
1300923
1307559
1302243
1301685
1306771
1307072
1302577
1303580
1301356
1306586
1303014
1303072
1305904
1305080
1300318
1303497
1304913
1307826
1303442
1302817
1303621
1301026
1306685
1306252
1306798
1302596
1300904
1300089
1307440
1303249
1301454
1306195
1303019
1303758
1306104
1303881
1301965
1301136
1305618
1302776
1301111
1304050
1304721
1304761
1307685
1304526
1303523
1304536
1306737
1303140
1304523
1302803
1304842
1301823
1307099
1307428
1306760
1300473
1306758
1302125
1307597
1306050
1304487
1305630
1300304
1306594
1307346
1306727
1302633
1301545
1303684
1301539
1302038
1301332
1301120
1304243
1301376
1307212
1305038
1304966
1306277
1300136
1301336
1307738
1306225
1300803
1302287
1304381
1307009
1301619
1307846
1304729
1302840
1300692
1303626
1303097
1301141
1301378
1307649
1305517
1303106
1307737
1303480
1304931
1302122
1300778
1300465
1302227
1300754
1304717
1305352
1305557
1305293
1300358
1301228
1302698
1306553
1306551
1303761
1307406
1303547
1303038
1300255
1303602
1305992
1306404
1305180
1301604
1303028
1307187
1303747
1302774
1300077
1301443
1307438
1300939
1300620
1305135
1302338
1305952
1305030
1304829
1307412
1303382
1307193
1307282
1306590
1300859
1300231
1303009
1304531
1304823
1306021
1306255
1305072
1301582
1307456
1302462
1307929
1304752
1304988
1306420
1301278
1304321
1302197
1305562
1304524
1304854
1305838
1302025
1305981
1304772
1301084
1307550
1300935
1300807
1307269
1304228
1304795
1301079
1304892
1300837
1302221
1300105
1307430
1307726
1305435
1300251
1305788
1304945
1301541
1307407
1301148
1301714
1303057
1300927
1306920
1307284
1302552
1305500
1304663
1307938
1305015
1304100
1304466
1304441
1306327
1300377
1300161
1303448
1305412
1306186
1307812
1305576
1304121
1301176
1302800
1305341
1305626
1300063
1306479
1305804
1305379
1307884
1304342
1300942
1306817
1301257
1307865
1303380
1300539
1306546
1307915
1302838
1302446
1305919
1300541
1305893
1304774
1300005
1307540
1307781
1307461
1302237
1304029
1301681
1305024
1304407
1302002
1303568
1302755
1305507
1304275
1301369
1304388
1303153
1303452
1303642
1307198
1302895
1301772
1306169
1305139
1302612
1303509
1301672
1307133
1300586
1304635
1307494
1304188
1306248
1303897
1303246
1306078
1303359
1305417
1303656
1300400
1306773
1306241
1307627
1304136
1305393
1305790
1305819
1307467
1307634
1306081
1307085
1303960
1300225
1305146
1302333
1304412
1301946
1302249
1307527
1306089
1307792
1304512
1300535
1301515
1307978
1301050
1306970
1307939
1300774
1301524
1304459
1306628
1302295
1306536
1302160
1300752
1304710
1306704
1307539
1302522
1307647
1302945
1304780
1301668
1304155
1304532
1304269
1304890
1306398
1304125
1302675
1304661
1307831
1302424
1305769
1303690
1301989
1305900
1306064
1303514
1300274
1300440
1302896
1306888
1304166
1305256
1301505
1305789
1303994
1300283
1306621
1302337
1306163
1302363
1306865
1303546
1305319
1302637
1301597
1300984
1301580
1302230
1301149
1303379
1305368
1305063
1305509
1303182
1306867
1306900
1307140
1301391
1304192
1306095
1300639
1300858
1306286
1300179
1301265
1304237
1300112
1303949
1305325
1301426
1301856
1305166
1306537
1300781
1303908
1303865
1307959
1304147
1307598
1307024
1304606
1304639
1300211
1302568
1305620
1303054
1303770
1301409
1300575
1305153
1306872
1301455
1306024
1300098
1304518
1306759
1307075
1303252
1306427
1301770
1307457
1307551
1303157
1306173
1301187
1302597
1305891
1303410
1302362
1307924
1302984
1301898
1307275
1305906
1300407
1305213
1302058
1303061
1304894
1300622
1301665
1301959
1301359
1300013
1304549
1302159
1303609
1305362
1304592
1303414
1306820
1305064
1300025
1300772
1302298
1300239
1306253
1304092
1300723
1304403
1302391
1301637
1302021
1305398
1306347
1304252
1306074
1306407
1307857
1303670
1304731
1304377
1301732
1305989
1300775
1307245
1301290
1302564
1307625
1305598
1302763
1303173
1300442
1304471
1302603
1304194
1305469
1307962
1302996
1304849
1302073
1301629
1303597
1300638
1306516
1301245
1302079
1301142
1300625
1305879
1302109
1304362
1305657
1304834
1302847
1306293
1305777
1301928
1303972
1306999
1303327
1301967
1307090
1305578
1302997
1301790
1307028
1305835
1305395
1304414
1304813
1302992
1306611
1306067
1304004
1305685
1306582
1302202
1306659
1306218
1306995
1301868
1301360
1305120
1303074
1307272
1302585
1305613
1307674
1307401
1303347
1305802
1303889
1303727
1300261
1304366
1306371
1301608
1304981
1303641
1301032
1300787
1300546
1303666
1302720
1301244
1300680
1306756
1300556
1307948
1307517
1301218
1307310
1301418
1307463
1304810
1305978
1303266
1302172
1304759
1301213
1300818
1302216
1304517
1305382
1303352
1300881
1307104
1305982
1307936
1306051
1300080
1304948
1301764
1303386
1306513
1305113
1304680
1304982
1301287
1305243
1307488
1304462
1301673
1306870
1305739
1304087
1300390
1304493
1306011
1300854
1306625
1305916
1302759
1307258
1305473
1307473
1300053
1303716
1304847
1307186
1304885
1307443
1301293
1306320
1300039
1307087
1307481
1302959
1302116
1305994
1304653
1303051
1304475
1306145
1305040
1307663
1305262
1305638
1300822
1301044
1302101
1301461
1300870
1307219
1305373
1302119
1303783
1301355
1306962
1305349
1306270
1300582
1304053
1300915
1304845
1304611
1307370
1304959
1303798
1306321
1306816
1307042
1307806
1303834
1306258
1302060
1306087
1305211
1307870
1302866
1305240
1307837
1305673
1304997
1305703
1302440
1302433
1304043
1306127
1302267
1306038
1305023
1300746
1306864
1300574
1307601
1302855
1306303
1306025
1305818
1306648
1300458
1301892
1302278
1306057
1307567
1306126
1300114
1304730
1307335
1306030
1307786
1300011
1304977
1304646
1306560
1303870
1301999
1301870
1306566
1303126
1303630
1301621
1300047
1307739
1304395
1300106
1305834
1300030
1305181
1307048
1301712
1307368
1303970
1301793
1307733
1303877
1306652
1302993
1300470
1305488
1303383
1306525
1306696
1305029
1303608
1304423
1303535
1300387
1304882
1305432
1304151
1303222
1301558
1305003
1301041
1307298
1300336
1304251
1305173
1302557
1301756
1300189
1304562
1306583
1302653
1304123
1303728
1304186
1307768
1301913
1307244
1302502
1300618
1300359
1304763
1300910
1307672
1305152
1301538
1306603
1307495
1301192
1304671
1304802
1306584
1304835
1307848
1303022
1305865
1307403
1307980
1304341
1302489
1305632
1300753
1300751
1304255
1306838
1307560
1302435
1306832
1302880
1302414
1306671
1304571
1306436
1300328
1303075
1305287
1302663
1303802
1302806
1301930
1300373
1303522
1306399
1305735
1302251
1304287
1305056
1302952
1306976
1302808
1300897
1300461
1303680
1300804
1305171
1303454
1301554
1304052
1302907
1306414
1303826
1301345
1301676
1305100
1303258
1307878
1306724
1303322
1303777
1301103
1303164
1304296
1305639
1307230
1302288
1306222
1303290
1307154
1307141
1300509
1300675
1302094
1303674
1302257
1300113
1306545
1302555
1300213
1300100
1301471
1303569
1303031
1304740
1303729
1304148
1307546
1300969
1307343
1302301
1302423
1304402
1306204
1300147
1306515
1304233
1303188
1302529
1302396
1303790
1300777
1300140
1306506
1305244
1305198
1303692
1304579
1305150
1304102
1301417
1304901
1302736
1301596
1303251
1306093
1303962
1307499
1304011
1301001
1300931
1302126
1306465
1306499
1307635
1306936
1300833
1307395
1306063
1307966
1302764
1306948
1300802
1301456
1304066
1301787
1304841
1302402
1304956
1302760
1303634
1305545
1301871
1300275
1304989
1302501
1305426
1301381
1303619
1305134
1303067
1305186
1300596
1300499
1304541
1307711
1301883
1305496
1301527
1301266
1303924
1307979
1303921
1303348
1301636
1305858
1305548
1301342
1304442
1301501
1301569
1304293
1301039
1301295
1304384
1305501
1304065
1306307
1300142
1307427
1303590
1304072
1304165
1306141
1305857
1300414
1307318
1303029
1303102
1302087
1306033
1305001
1301178
1304181
1307182
1303185
1305081
1303759
1306105
1307056
1303003
1304852
1302963
1307236
1306018
1303285
1307446
1307466
1301603
1301695
1304522
1304062
1307797
1300416
1306768
1307045
1303714
1307354
1306836
1306503
1305710
1304494
1303827
1302965
1305616
1303369
1300559
1301288
1303490
1305774
1300507
1302403
1306641
1307092
1304090
1305126
1300378
1305283
1305695
1305043
1300569
1300637
1304899
1307305
1305466
1304325
1305458
1302931
1302893
1301168
1304701
1307596
1301069
1306487
1306128
1306549
1306531
1304799
1306158
1300991
1304171
1302988
1302388
1305161
1303856
1307243
1302074
1302143
1306781
1304604
1304107
1305573
1307301
1300003
1306879
1302571
1303854
1307719
1301083
1301151
1305542
1306814
1300914
1301514
1301440
1307520
1306800
1300027
1301570
1303584
1306342
1304432
1301240
1307259
1307120
1303228
1304811
1300481
1301208
1306419
1301452
1307861
1307096
1301577
1302554
1305061
1304794
1307211
1307393
1300360
1303024
1307107
1305652
1304893
1306578
1307629
1304021
1302778
1306336
1303543
1301721
1306775
1304825
1303155
1305765
1305041
1304888
1304297
1300135
1306466
1305716
1303624
1300949
1306489
1302662
1301606
1302491
1302545
1307713
1307749
1303342
1301925
1303371
1306857
1304234
1303425
1304485
1303189
1306041
1301158
1302068
1305204
1305191
1303903
1300591
1307972
1306269
1306599
1301060
1305990
1302426
1302001
1302613
1300737
1302562
1301594
1302832
1303709
1305396
1300174
1302022
1305586
1300417
1306441
1304265
1306448
1300635
1300731
1303558
1301162
1303792
1302309
1300742
1307358
1302705
1302203
1306406
1306208
1307788
1304288
1300605
1302646
1301183
1307435
1303565
1302162
1300841
1303156
1305544
1303952
1302983
1304698
1304641
1300383
1306001
1305876
1304654
1304344
1307315
1302283
1302451
1305149
1307415
1300944
1305766
1302224
1304998
1305693
1301131
1303588
1306155
1303574
1302703
1307121
1301464
1303821
1302953
1307469
1304219
1300306
1300950
1303434
1300882
1303332
1307522
1302709
1304574
1305031
1300073
1300947
1300250
1300963
1306090
1306821
1304385
1300863
1302194
1307822
1304114
1300455
1301165
1304438
1304686
1304030
1304932
1305337
1307283
1304460
1305606
1306484
1306188
1306392
1307224
1302761
1302490
1300895
1303829
1302294
1300281
1306874
1304376
1305359
1301948
1301605
1307113
1304049
1302495
1305736
1303682
1306149
1302464
1306197
1304076
1302658
1303007
1300012
1300823
1302393
1305194
1301437
1307563
1304507
1301846
1302434
1302453
1307168
1306017
1300127
1302364
1302161
1304500
1304077
1305475
1305979
1301918
1300797
1304465
1306228
1304832
1302901
1304108
1304267
1304821
1305667
1304400
1307740
1304018
1301487
1303801
1304478
1306883
1303478
1305856
1304309
1303462
1300721
1303540
1307917
1301684
1304207
1304736
1304950
1300001
1306906
1306432
1301909
1302999
1302106
1305843
1305726
1307360
1303196
1305019
1300443
1301445
1305199
1300659
1307683
1305975
1307287
1302016
1300095
1301506
1301294
1305687
1307439
1303105
1306337
1302661
1301628
1301841
1300801
1301614
1303583
1306251
1303113
1307858
1307308
1302063
1301641
1301680
1305656
1301923
1303449
1305602
1307333
1306764
1301262
1305447
1307257
1302223
1307971
1307851
1303345
1301003
1304110
1305705
1301615
1305318
1300852
1306496
1302454
1306732
1301321
1304334
1302444
1306329
1300259
1303943
1301751
1306250
1301191
1303086
1305163
1300485
1302150
1303183
1307609
1302467
1303753
1306220
1303125
1306433
1300008
1303564
1301016
1301891
1305791
1302383
1303744
1304347
1304682
1305908
1300388
1307000
1303575
1302514
1304652
1302822
1300911
1301866
1300902
1307935
1307633
1301699
1301009
1303294
1307007
1300584
1301944
1305339
1307441
1307057
1301090
1302233
1302281
1306669
1305894
1300152
1305926
1301460
1306840
1303412
1303044
1302366
1304909
1305847
1305882
1306445
1305441
1302928
1306849
1302473
1307581
1301715
1305335
1301246
1301235
1302188
1301552
1303435
1307944
1307111
1301031
1306510
1302780
1301264
1306825
1307896
1305805
1305384
1303168
1306841
1304798
1307196
1301212
1306118
1304933
1307188
1300014
1307382
1304144
1303181
1302521
1303187
1305245
1303392
1307994
1305731
1301156
1303432
1303567
1306959
1307976
1307876
1302740
1302344
1306405
1302998
1301990
1301310
1303351
1307454
1300982
1307453
1303545
1304797
1304645
1301768
1303257
1303330
1305522
1305266
1306217
1306099
1302570
1305806
1306528
1301877
1306533
1307163
1302201
1305079
1305323
1303671
1302592
1301644
1304286
1302361
1305193
1303401
1307575
1304554
1307234
1302099
1307479
1300648
1302758
1300519
1306591
1301561
1306086
1304064
1300276
1306765
1306005
1307304
1305355
1307854
1305122
1300148
1302190
1305371
1306176
1307227
1305273
1305762
1307731
1300108
1304968
1302399
1305493
1303912
1306263
1301076
1300780
1305138
1306627
1305831
1301305
1304250
1305340
1303144
1304978
1300017
1301810
1301687
1301571
1302536
1306550
1300518
1304352
1305734
1303884
1303305
1307434
1300243
1300258
1306645
1303785
1304757
1302887
1300916
1303202
1304320
1302292
1301242
1307361
1304800
1303803
1302791
1301884
1307816
1305711
1307956
1300169
1303734
1306393
1306283
1306812
1307547
1302837
1302379
1304431
1303343
1303548
1300512
1303066
1306885
1303985
1305575
1307916
1306455
1300783
1300899
1304906
1301845
1307125
1300995
1306294
1300335
1301940
1304960
1300314
1306501
1301800
1301122
1305018
1303120
1301110
1307068
1302173
1307299
1301862
1303705
1301814
1303329
1306739
1300820
1302672
1307100
1300182
1303122
1301547
1306425
1307191
1302115
1301837
1302826
1306360
1301483
1301662
1302960
1305984
1306230
1300856
1304044
1303227
1301285
1305167
1306668
1305306
1306352
1307364
1301405
1305218
1304973
1300734
1307752
1301130
1302535
1304170
1300338
1305503
1302518
1302004
1307889
1306184
1307582
1306654
1303673
1306280
1300705
1303110
1307603
1306776
1307952
1306698
1300139
1307722
1300934
1304132
1301961
1307636
1304009
1303981
1302904
1306565
1300372
1304429
1302846
1301180
1304662
1301004
1306967
1305477
1301206
1303235
1305749
1304638
1303296
1306291
1303229
1306136
1302461
1300544
1300712
1306013
1300953
1302066
1307387
1306992
1305060
1303835
1305197
1306552
1300173
1307533
1304197
1305084
1307144
1301627
1305510
1303542
1303037
1302851
1302284
1305085
1302359
1302978
1303750
1307525
1306730
1300738
1301503
1302986
1306805
1304744
1305922
1300647
1304983
1302933
1304249
1305116
1305222
1307292
1307717
1304687
1300819
1303076
1301071
1304681
1300159
1306937
1302303
1307622
1305480
1304613
1302033
1301488
1304737
1304986
1305669
1303299
1303364
1300467
1300329
1307618
1302681
1304354
1306367
1300194
1305220
1301801
1304769
1302199
1306008
1306733
1304567
1304953
1305794
1304858
1306357
1303361
1300918
1305414
1302786
1305036
1301572
1301146
1303698
1303645
1302586
1305246
1301798
1306449
1301195
1304719
1306819
1306418
1305961
1302538
1301831
1305571
1305035
1303890
1303071
1302211
1303186
1300710
1305967
1302503
1302141
1302735
1306040
1307794
1305538
1305828
1305996
1301742
1302054
1307940
1305629
1302926
1301792
1305929
1304242
1302809
1304972
1306667
1302930
1302270
1307296
1305451
1307744
1303823
1301878
1304751
1303008
1302742
1305054
1305105
1306046
1303477
1300253
1304634
1307885
1306386
1301956
1304534
1301692
1306806
1306932
1300040
1307810
1306918
1306774
1302319
1301470
1307661
1304617
1304382
1306617
1303082
1300964
1302192
1301686
1304204
1300905
1306166
1303922
1301021
1304360
1307955
1305332
1307475
1301152
1306726
1307237
1300321
1300237
1301738
1302511
1304563
1304230
1305595
1302634
1307231
1302914
1305411
1304758
1305157
1303919
1301106
1306702
1301341
1307693
1307867
1303511
1305250
1301324
1307065
1301276
1302145
1305951
1301639
1302923
1305801
1303706
1302572
1306708
1304074
1306595
1304905
1307246
1307038
1307825
1303096
1305643
1303357
1305051
1305761
1303358
1301875
1300849
1307735
1306020
1300226
1301387
1300223
1303581
1304692
1307877
1300049
1304046
1303226
1305118
1307019
1302651
1301726
1306343
1302560
1306043
1301133
1307444
1305294
1307715
1302969
1300994
1303840
1301299
1306106
1303691
1304585
1306162
1304183
1306539
1303586
1303064
1301048
1300513
1304217
1307114
1305290
1305927
1306791
1305387
1307897
1302834
1307743
1306119
1303335
1306389
1302114
1301611
1304873
1307289
1306147
1304927
1306031
1301055
1300825
1307833
1305547
1301390
1301646
1306102
1305356
1301702
1302964
1305681
1306384
1303409
1303206
1300065
1307086
1302487
1306452
1306174
1307297
1303393
1301121
1301821
1304985
1307764
1303896
1306961
1304373
1306978
1303640
1301013
1301466
1306678
1306350
1300862
1304711
1301448
1304725
1301697
1303810
1303683
1303527
1304322
1303483
1303315
1307330
1307961
1305822
1302449
1301817
1306007
1304244
1301179
1307770
1301963
1302256
1302005
1306563
1302353
1306331
1301602
1303920
1302588
1306639
1303789
1306324
1303891
1303488
1304553
1303070
1306981
1305682
1304732
1303491
1305730
1302889
1306475
1303234
1304131
1301769
1302920
1306387
1303494
1303868
1303170
1306942
1306636
1306941
1305583
1304578
1301045
1304140
1304659
1307228
1305970
1307611
1306108
1306908
1302317
1305430
1303091
1302812
1306135
1304408
1306061
1302148
1307199
1305378
1303421
1303979
1303437
1301431
1306697
1306574
1306878
