1303120
1304492
1306276
1305732
1304201
1303106
1302992
1301224
1303784
1302489
1305596
1302165
1301512
1300780
1303859
1305985
1302857
1304565
1305549
1301804
1304352
1303364
1301219
1303015
1303829
1302921
1305583
1303069
1305270
1301005
1304072
1306881
1305587
1300366
1303349
1300472
1302642
1301714
1301711
1301528
1306444
1303287
1300860
1302153
1300511
1300183
1305002
1303515
1302733
1305177
1306432
1300433
1301165
1300878
1303291
1300045
1305193
1304042
1306728
1301395
1303632
1306820
1302420
1306082
1301820
1305271
1300116
1301704
1305358
1301865
1302914
1301653
1300912
1303612
1305830
1303452
1300684
1301452
1302558
1303549
1304652
1300936
1306294
1302719
1303089
1301068
1303779
1304116
1301800
1303094
1304548
1306524
1302554
1306887
1302810
1302151
1304867
1304181
1303074
1303813
1302997
1306431
1301105
1303656
1300981
1303049
1303568
1303989
1304670
1300696
1302383
1306855
1300805
1302760
1303798
1304932
1304341
1303708
1304546
1306364
1300132
1300293
1300197
1304423
1300789
1305840
1302074
1301318
1302295
1303729
1300519
1304654
1305111
1305092
1302971
1306520
1301354
1301837
1301546
1305772
1300637
1303766
1301519
1301591
1304064
1300922
1300713
1302354
1301503
1304311
1301177
1304390
1304419
1300673
1303003
1306140
1301690
1306277
1302835
1306442
1302050
1303899
1303226
1301699
1302012
1303960
1300297
1306157
1301486
1301413
1303122
1302353
1303100
1301151
1301517
1305117
1304751
1303577
1302457
1301125
1304584
1304184
1304575
1300384
1304397
1302964
1303975
1302071
1303670
1306144
1302827
1305026
1304076
1300660
1305148
1305186
1304354
1302408
1305283
1300798
1305689
1301133
1304954
1301132
1301750
1306318
1305700
1306627
1301263
1300271
1305681
1302438
1305702
1301669
1304495
1305468
1303988
1302334
1305894
1301294
1304482
1306674
1301074
1303336
1304124
1302402
1300031
1306659
1304207
1303808
1304864
1303514
1306301
1304215
1300872
1304876
1300118
1305573
1305901
1304082
1302241
1301886
1304970
1300955
1303994
1305523
1301315
1302255
1303394
1305829
1305825
1303968
1306615
1304635
1303067
1301724
1302541
1306467
1303944
1304053
1303797
1306206
1302088
1305907
1303341
1306644
1300554
1305088
1306003
1306550
1303181
1300256
1306248
1306561
1305401
1304219
1304205
1303391
1304905
1304230
1301209
1303775
1303616
1301563
1306156
1306240
1302579
1304854
1303506
1301372
1305536
1303402
1301946
1306447
1300015
1305155
1300127
1300255
1306368
1301445
1300262
1302766
1305229
1306493
1301465
1304757
1306897
1301590
1300236
1300388
1300170
1301799
1304648
1304467
1304940
1302947
1303620
1305693
1303746
1303872
1305163
1305039
1304374
1305157
1306572
1305108
1300081
1303802
1303208
1302276
1304604
1303387
1305010
1300622
1306810
1303883
1305630
1301927
1301717
1302805
1304683
1301145
1301050
1300722
1300755
1306944
1300359
1303804
1302826
1302396
1305942
1301349
1303236
1300689
1304719
1305979
1304669
1305710
1303936
1301722
1305125
1302982
1304684
1304006
1302686
1300779
1301149
1300491
1302203
1304559
1300304
1305006
1306805
1302434
1300248
1301032
1303300
1301415
1300125
1306103
1300345
1303668
1303282
1304281
1302978
1300537
1301834
1305771
1302009
1303266
1302388
1306142
1300113
1305590
1304889
1306562
1301691
1306359
1302157
1305835
1303316
1305603
1303796
1303530
1302740
1302362
1300951
1304968
1306210
1301537
1301687
1302407
1305886
1304415
1304369
1306305
1306039
1305950
1300067
1303293
1305598
1303038
1304710
1305779
1303083
1302796
1306463
1301703
1303437
1301876
1305330
1304804
1304491
1306179
1306469
1301256
1301309
1306588
1305426
1303570
1304325
1303060
1306187
1305066
1303889
1303079
1301953
1300956
1301015
1304446
1305208
1304002
1303116
1303855
1306502
1303671
1304079
1300447
1305577
1302705
1300884
1305960
1306989
1300996
1302876
1303886
1301826
1300526
1306022
1303792
1301412
1304498
1300204
1300879
1301107
1304294
1304840
1305263
1302670
1304465
1302505
1303732
1300913
1305486
1305363
1301868
1306543
1300320
1301097
1306843
1302094
1300239
1306386
1304118
1303853
1304128
1304660
1300353
1302571
1301414
1303462
1303599
1300187
1304823
1305507
1303386
1302456
1303600
1302675
1301934
1300019
1303555
1300883
1301289
1302147
1301383
1304532
1302510
1302011
1305865
1305298
1304266
1304314
1303894
1306510
1303919
1301185
1301118
1301470
1300228
1306819
1302939
1301121
1302357
1300160
1300819
1306440
1301824
1305593
1303831
1303359
1306109
1304586
1304625
1300220
1305626
1301144
1300595
1304572
1304540
1305652
1302886
1306800
1304945
1303496
1304411
1304472
1302967
1300459
1305466
1300824
1303981
1304417
1300363
1300351
1303752
1300993
1306621
1300967
1303840
1302546
1302894
1304743
1301735
1306163
1302821
1304081
1304764
1300354
1301618
1303464
1302542
1300582
1306514
1304392
1301718
1302319
1301168
1305251
1301365
1305711
1301061
1305082
1306373
1301460
1306990
1301645
1303458
1304383
1304135
1304810
1301065
1301139
1301509
1305848
1306892
1306450
1304636
1305475
1301407
1303229
1300143
1302444
1303334
1306695
1302963
1302266
1304612
1303607
1303174
1305418
1301380
1303688
1305416
1303938
1300934
1306766
1302003
1303973
1301225
1302085
1304378
1306742
1304265
1304469
1303137
1304901
1306553
1301863
1305873
1302054
1303704
1302016
1303084
1306719
1300745
1300516
1302257
1303672
1300890
1302300
1304206
1300087
1304508
1300471
1304057
1303976
1304953
1300276
1305245
1304898
1302843
1306118
1304536
1306308
1303709
1301123
1301635
1300939
1305615
1304885
1305975
1300948
1301316
1306759
1302658
1305366
1304061
1301323
1302528
1302082
1302491
1301100
1300162
1302802
1303340
1300675
1306354
1305228
1303235
1305323
1306358
1303846
1300832
1302768
1301688
1304050
1305282
1303043
1302101
1306164
1302769
1301961
1304429
1304250
1301585
1300853
1304243
1306147
1300378
1302349
1306611
1302015
1300846
1304622
1303078
1302128
1302330
1300842
1304158
1303912
1303698
1303946
1303529
1300528
1304233
1301436
1301609
1302269
1305580
1300505
1305272
1305090
1305355
1304403
1303532
1300953
1303001
1302022
1300243
1302545
1302682
1306866
1301220
1303900
1302252
1305715
1301814
1301456
1302058
1302017
1302234
1300923
1303045
1303186
1304406
1305025
1306073
1302525
1302866
1300084
1300146
1304470
1306992
1302305
1300444
1304607
1304453
1305504
1301890
1306501
1303212
1305424
1303748
1300692
1302401
1304154
1302684
1305390
1304791
1304445
1304457
1302067
1301637
1305819
1304610
1304527
1304620
1301975
1303745
1302575
1300215
1302557
1302878
1304242
1303047
1301485
1301841
1300278
1301520
1302806
1304208
1303141
1305863
1301701
1306635
1302291
1300609
1301175
1303119
1300390
1305899
1300000
1300520
1300434
1302125
1300498
1301285
1305637
1306048
1302057
1304754
1306310
1300811
1300841
1306085
1305547
1303945
1304368
1301053
1304036
1300024
1304882
1304965
1301915
1306564
1303221
1304606
1300952
1301821
1304192
1303835
1301490
1306196
1301337
1302933
1306278
1300090
1301083
1304747
1304958
1302551
1304055
1301270
1304321
1302007
1301477
1303255
1305101
1303603
1302867
1301268
1305818
1303304
1304838
1303965
1303941
1303578
1302601
1303952
1304278
1306313
1300509
1302222
1301763
1302271
1303157
1300694
1300093
1302190
1305057
1300702
1304228
1303801
1306641
1305817
1302707
1302301
1302410
1301449
1303034
1306534
1306573
1301169
1304021
1304070
1300771
1304727
1301272
1304247
1306901
1300063
1303407
1304778
1300408
1303076
1305119
1301606
1304996
1302606
1304653
1300732
1304164
1300169
1304129
1306178
1304571
1301692
1302718
1301850
1302968
1304564
1304333
1303728
1302960
1301385
1303468
1301779
1301194
1301665
1304802
1304254
1302619
1306111
1300092
1300224
1304105
1301667
1305410
1305351
1303604
1304323
1301527
1304892
1303184
1300727
1306717
1303856
1303776
1300007
1300580
1303828
1300564
1304827
1302952
1306702
1305008
1301622
1301895
1302837
1300958
1305905
1301138
1304695
1300454
1301434
1306752
1302851
1306607
1300541
1306606
1303822
1300764
1301705
1304793
1301418
1300066
1304608
1303902
1300978
1301476
1300455
1304632
1304902
1306919
1302860
1302652
1301573
1305201
1304678
1302275
1305749
1306256
1304800
1301884
1305041
1304463
1305955
1302791
1304855
1305517
1300776
1300571
1300837
1300149
1300785
1304067
1306633
1305851
1302447
1301292
1305965
1303160
1300317
1302909
1303390
1304464
1300141
1302595
1304471
1306057
1301602
1306040
1301920
1302597
1301141
1302678
1302900
1302455
1303579
1304395
1306577
1301467
1301662
1300914
1303039
1301226
1300597
1305606
1305018
1302059
1304313
1301027
1306488
1302191
1304432
1304370
1301189
1301696
1304291
1303071
1304003
1300563
1300719
1306380
1302344
1301771
1304189
1304857
1305166
1302605
1303898
1304538
1300412
1300214
1304656
1302041
1303959
1303818
1306306
1301157
1301572
1303691
1301901
1305152
1304110
1300570
1300313
1305558
1303105
1300121
1304521
1303566
1305535
1300181
1303392
1305273
1300911
1305302
1302511
1301250
1304091
1305765
1305719
1302231
1303009
1301155
1300777
1305175
1302891
1305337
1305212
1301216
1302778
1301522
1301697
1301851
1300774
1300410
1301671
1303310
1303657
1305786
1306716
1303278
1301995
1303811
1301154
1306049
1304030
1304488
1305661
1306228
1300748
1304796
1303460
1303653
1306865
1301980
1300640
1304662
1300529
1302797
1303785
1303090
1306672
1303608
1303498
1301451
1305058
1303881
1305188
1305258
1303201
1301619
1306327
1305674
1301290
1303547
1301186
1301689
1305613
1301558
1301047
1306895
1304770
1300474
1303306
1302414
1305883
1304657
1305910
1302105
1301181
1302881
1302499
1306258
1300704
1302773
1305861
1304355
1304774
1301345
1301329
1302490
1301399
1300477
1304307
1306328
1303330
1302048
1302950
1302449
1303270
1304963
1300851
1305376
1303843
1304413
1306213
1304414
1304122
1302092
1305357
1305136
1303847
1304440
1304028
1301524
1304717
1300172
1300400
1305988
1301402
1303891
1304605
1303103
1303007
1302348
1304740
1303914
1301918
1306121
1300972
1300259
1301538
1304986
1302273
1301614
1300799
1304524
1301267
1301947
1300946
1305319
1303086
1305304
1300983
1302047
1300781
1301676
1301765
1304112
1303040
1306027
1305049
1304601
1304142
1304302
1303355
1301242
1303429
1302610
1304071
1301902
1304918
1304974
1303440
1302144
1305056
1302999
1306124
1305968
1300761
1303646
1303329
1300051
1301357
1303427
1300949
1300326
1303115
1301545
1305729
1304761
1302870
1301204
1306266
1301120
1301914
1301781
1306700
1301355
1304509
1306959
1304441
1300324
1300209
1304221
1300037
1303633
1304478
1305307
1303375
1302691
1305384
1303241
1304769
1302608
1306263
1305789
1301291
1302507
1305184
1303590
1305970
1305225
1303556
1300962
1304114
1301313
1306120
1303749
1302324
1305170
1300550
1302368
1300389
1305429
1303760
1306539
1305150
1302620
1306767
1303794
1300990
1305815
1301174
1302839
1304763
1302415
1304697
1303613
1301193
1306548
1301648
1302372
1300964
1304992
1303596
1305747
1305265
1306878
1303091
1301780
1303097
1301721
1300399
1302590
1305801
1305431
1304881
1304394
1302635
1302792
1304235
1300267
1306933
1303812
1301190
1301860
1304351
1300703
1302394
1302162
1302046
1301392
1301091
1303445
1302767
1303909
1303004
1302949
1301360
1303180
1306786
1304157
1300451
1306053
1305029
1306423
1300677
1303551
1306874
1302205
1306230
1303218
1301024
1306969
1304094
1301664
1302033
1304019
1306374
1304834
1303490
1302346
1305154
1305514
1303554
1305097
1303415
1301356
1305638
1300808
1301639
1306974
1301856
1306555
1305628
1303850
1302888
1305785
1302902
1300603
1306658
1300003
1305334
1302062
1306020
1306876
1303436
1300636
1306078
1306734
1305620
1304241
1302118
1303214
1300501
1302660
1305433
1303143
1303949
1306941
1305597
1305878
1301933
1302160
1305677
1303950
1301798
1300089
1302422
1302158
1300123
1301541
1301180
1302955
1306389
1305490
1303674
1305287
1305348
1300589
1303129
1301081
1302024
1303013
1306649
1304362
1306192
1306171
1306626
1302840
1300606
1305198
1304723
1306711
1304642
1302625
1304161
1302087
1302207
1304505
1302607
1306568
1303238
1304111
1304223
1304672
1302465
1303197
1305415
1300449
1301566
1306424
1306507
1300049
1306222
1305874
1302040
1302570
1303417
1302385
1304100
1300759
1303151
1303476
1301469
1302929
1301262
1304696
1302754
1300380
1303933
1302811
1304188
1300249
1301211
1300406
1305093
1300931
1305275
1303163
1301037
1305841
1300039
1304245
1301607
1301788
1306613
1306787
1305335
1302882
1302472
1302245
1305585
1306826
1302418
1302347
1300184
1301131
1301215
1300064
1300698
1302633
1300942
1302045
1302834
1303431
1300627
1301338
1303459
1303376
1306139
1303145
1301963
1300047
1301873
1303718
1302692
1301719
1302809
1303809
1300428
1301374
1303929
1303206
1301063
1302750
1305768
1301375
1301232
1303773
1301682
1306546
1305564
1306227
1303117
1303042
1302473
1302741
1305807
1300797
1301160
1300585
1304870
1302075
1303660
1302253
1304807
1304736
1302196
1302411
1305281
1304525
1301431
1303188
1300473
1306395
1300432
1305493
1304516
1303536
1305728
1303680
1303216
1304075
1302013
1302706
1303878
1301561
1304558
1306712
1302202
1306647
1300487
1304367
1303520
1305397
1300005
1300480
1305436
1306592
1303999
1303774
1302463
1305858
1306352
1302712
1304755
1301875
1300581
1302727
1303589
1305347
1304735
1305890
1304998
1305153
1301176
1305738
1302752
1306376
1304499
1302700
1300599
1300527
1303130
1300072
1300803
1306840
1302106
1301455
1302435
1305957
1305574
1304084
1302177
1301999
1300720
1304144
1306854
1304698
1303922
1301803
1302247
1305943
1304060
1301006
1302593
1305378
1300486
1304848
1304561
1301931
1301959
1306499
1305516
1300695
1304562
1304160
1301727
1301284
1300989
1306223
1305509
1306666
1306435
1300318
1306972
1303369
1305075
1302535
1306782
1306858
1306705
1304172
1304760
1301146
1306886
1301481
1305959
1303239
1304202
1306154
1301182
1306184
1303422
1304176
1302068
1306114
1301830
1302258
1301965
1301815
1303585
1304537
1302288
1306403
1301693
1306951
1305369
1305572
1302650
1306470
1303020
1304846
1302290
1300871
1306453
1301435
1304637
1304430
1302156
1301553
1300026
1303335
1303050
1304673
1303052
1305687
1306219
1303983
1304096
1302108
1305027
1304629
1301297
1301822
1303493
1306323
1300396
1301031
1304628
1304713
1300924
1306821
1305793
1304427
1301858
1300997
1301513
1300961
1303418
1301726
1305073
1305629
1304287
1304926
1306825
1304788
1300904
1305209
1306557
1303487
1303246
1304329
1305852
1302343
1301248
1306036
1303290
1304004
1304437
1305750
1306381
1300966
1304014
1300500
1300737
1300360
1304541
1306968
1303516
1305721
1302281
1301298
1300586
1303934
1301869
1301897
1306309
1300686
1303381
1303053
1303144
1301552
1300831
1302250
1300693
1303062
1306122
1305460
1303175
1306462
1306025
1303800
1303706
1300535
1302765
1305453
1304568
1301440
1302375
1301099
1302382
1303010
1300729
1301140
1303617
1304806
1302836
1305744
1304644
1300532
1301652
1303248
1300611
1302096
1305360
1304426
1304991
1300206
1303251
1305994
1300665
1303987
1302889
1300786
1305061
1300721
1302098
1303244
1304290
1302393
1304348
1300874
1302123
1304301
1306530
1301000
1302233
1305754
1306246
1302820
1306684
1300305
1301067
1305405
1302066
1302611
1304626
1303479
1306394
1304455
1300829
1301495
1300282
1300055
1305657
1305443
1302095
1305398
1303562
1304210
1301041
1300371
1301424
1304102
1301710
1306761
1305071
1301916
1302043
1300369
1304512
1304899
1300728
1305730
1306935
1301212
1304617
1301317
1304520
1303654
1303373
1302093
1302425
1303625
1304045
1304865
1305783
1305219
1300736
1300518
1304275
1303423
1304658
1304716
1300652
1302890
1303553
1306112
1301604
1302979
1305478
1305380
1300041
1304578
1303170
1301419
1302603
1304971
1300337
1300664
1300392
1304436
1303332
1300343
1305636
1305055
1302005
1305515
1303662
1300109
1302832
1300229
1304663
1304798
1303581
1300234
1301057
1302702
1303647
1301203
1303217
1302556
1304580
1304839
1304961
1302649
1305289
1304133
1303002
1305948
1304005
1306099
1302367
1306664
1302265
1300991
1305927
1301560
1300594
1303276
1301113
1302711
1306869
1300557
1305644
1301183
1302110
1301872
1303814
1300658
1306143
1304121
1301574
1301137
1305310
1303558
1303795
1306269
1305295
1306977
1303135
1300481
1302648
1302342
1303510
1304364
1301817
1306653
1302100
1301017
1305344
1303259
1305589
1300641
1305340
1306792
1300907
1300657
1303344
1305718
1305149
1306596
1301782
1303211
1306948
1300503
1306459
1301713
1301831
1305931
1302698
1301306
1306769
1303046
1306694
1302215
1303000
1302592
1300843
1302081
1304493
1306993
1301266
1306193
1306503
1301845
1306311
1302210
1301730
1305164
1301432
1305736
1300968
1301891
1301265
1305740
1300608
1305233
1306024
1305276
1302102
1304633
1300555
1303177
1306079
1301702
1302539
1302328
1306995
1305004
1304585
1304704
1300538
1306815
1305442
1306255
1300240
1301738
1300512
1306751
1300715
1305795
1304177
1300311
1301388
1305393
1300685
1300687
1301499
1301747
1300574
1301233
1303757
1300386
1303777
1306955
1304634
1301833
1303123
1303643
1302688
1306083
1301733
1305708
1305963
1300897
1306950
1302077
1302908
1304853
1300862
1301673
1306336
1302905
1300669
1303080
1306726
1302197
1303505
1302122
1300074
1304956
1305372
1300504
1305831
1304646
1300016
1302764
1302039
1301979
1303641
1304227
1301839
1301062
1303690
1306063
1301825
1306987
1301816
1303867
1304097
1305958
1302242
1300688
1301010
1301877
1306478
1302804
1304504
1302199
1301737
1303048
1303421
1301444
1306942
1303398
1304484
1304212
1302474
1301347
1305900
1305452
1304979
1305322
1306194
1305546
1301796
1303897
1301774
1303678
1305173
1300488
1306991
1301362
1305094
1306650
1301230
1306298
1306929
1302582
1303313
1305529
1304393
1306162
1306195
1303864
1302119
1300174
1300357
1301295
1301731
1304922
1300303
1300667
1300422
1300182
1304668
1300308
1306026
1306736
1306471
1302192
1303412
1300379
1302639
1303868
1304581
1302183
1300446
1306521
1305341
1302862
1300886
1300044
1303676
1303395
1306242
1300973
1306949
1303453
1305441
1303156
1303947
1304820
1305682
1304146
1301111
1305673
1300439
1304969
1305723
1303171
1306397
1306915
1300621
1304737
1305121
1304627
1306415
1302676
1301536
1300909
1306762
1302954
1300350
1300280
1300110
1306833
1303150
1301634
1305368
1301913
1301556
1304692
1301336
1303242
1303584
1303561
1303807
1302770
1306642
1306392
1300930
1302460
1304093
1300547
1305336
1305231
1306279
1304792
1300242
1300976
1304270
1300020
1305635
1303825
1302336
1305922
1300742
1305665
1303444
1300112
1301666
1306198
1305202
1304560
1303953
1301960
1302238
1302280
1306059
1304025
1300626
1301611
1303260
1304496
1306304
1306537
1302356
1305976
1305000
1300596
1306835
1306608
1301849
1300896
1300270
1301437
1305465
1302263
1303865
1305115
1305678
1304534
1305664
1304859
1306632
1300957
1306199
1304409
1303717
1303331
1305450
1300038
1301093
1306872
1300060
1302861
1300025
1305759
1304246
1301806
1301172
1305855
1303990
1303703
1302285
1305670
1305788
1304734
1300312
1300331
1301163
1300394
1304279
1300788
1301548
1305832
1302204
1302459
1305144
1300425
1302155
1302480
1302987
1301228
1305267
1302869
1303289
1305977
1303602
1300176
1306185
1303267
1302185
1300770
1300885
1301577
1303918
1301478
1303993
1301119
1306100
1300355
1301640
1300068
1305381
1304023
1304879
1301447
1301672
1306660
1302653
1306980
1302884
1306110
1304975
1303139
1306342
1305235
1304962
1300046
1301202
1300825
1302481
1303890
1303903
1302002
1306107
1303619
1304088
1305578
1306159
1302940
1302838
1303380
1305053
1303178
1302454
1303767
1302847
1303231
1306753
1302279
1301073
1302784
1302442
1302735
1305434
1300148
1304718
1302666
1300233
1300050
1306888
1302136
1301502
1305505
1300489
1303019
1300180
1301909
1300151
1301659
1304850
1301341
1305301
1302724
1304576
1300709
1306251
1305934
1300027
1305591
1304190
1303699
1304762
1304337
1301458
1303544
1303182
1302912
1305314
1303288
1302027
1301525
1305540
1302070
1305374
1303172
1300217
1300302
1300857
1301912
1302031
1301089
1302169
1302871
1303319
1304083
1300100
1302581
1303085
1305655
1305953
1300260
1304080
1305316
1304868
1305070
1303726
1304179
1304978
1304398
1306844
1302918
1300177
1304895
1304816
1305792
1301090
1305595
1301866
1303399
1306034
1301968
1300301
1305699
1303705
1305425
1306062
1305579
1304175
1302656
1303694
1302723
1304545
1302132
1303081
1302787
1306460
1306387
1300364
1302251
1306729
1300943
1306448
1305660
1306330
1300834
1301762
1304973
1304349
1301333
1301115
1301989
1300882
1306640
1303610
1303545
1302895
1305470
1302297
1301617
1306410
1306841
1306589
1303204
1305137
1305248
1303133
1302168
1306325
1303535
1303472
1303309
1305274
1301740
1301878
1302783
1306688
1304046
1302060
1301335
1304077
1302953
1306937
1305199
1301001
1300524
1302907
1303692
1303638
1304260
1300899
1304752
1303166
1305100
1305562
1306656
1306817
1304909
1304583
1303333
1306864
1300476
1301993
1303924
1302812
1300232
1303844
1306239
1301260
1303189
1305582
1304715
1301651
1306086
1303631
1300034
1303374
1300926
1304248
1303425
1305013
1302284
1302566
1304533
1306745
1303624
1303986
1301734
1303736
1303723
1300741
1305929
1304120
1303644
1303783
1300139
1303523
1303937
1302329
1306763
1305440
1301728
1303152
1301732
1306197
1306693
1303830
1304995
1304204
1305809
1304651
1302962
1305242
1302823
1301906
1304108
1301795
1301229
1304588
1306838
1301387
1304141
1300387
1302355
1302064
1303537
1304933
1304011
1302848
1303575
1306965
1302587
1300822
1305213
1305918
1303686
1305611
1305842
1303626
1301221
1303673
1302429
1303388
1303517
1300783
1301589
1304705
1305533
1303870
1300415
1303875
1305120
1305810
1305190
1300383
1301038
1302189
1300478
1304528
1301040
1302973
1306609
1301096
1306796
1305419
1304489
1305653
1302756
1306538
1300052
1303072
1303347
1303406
1302897
1306134
1300756
1303346
1303294
1303738
1300558
1300201
1302246
1302972
1306097
1305011
1301218
1304234
1305640
1302451
1305451
1304659
1306780
1305919
1306243
1303227
1300655
1300114
1301555
1306031
1300556
1304274
1303443
1305525
1302794
1300954
1304939
1306809
1300517
1304113
1302977
1302312
1302152
1300078
1306511
1301668
1304619
1305884
1301389
1301342
1303368
1301641
1301736
1304117
1303159
1306093
1306925
1300959
1303389
1303109
1306692
1300032
1305695
1305713
1300409
1305947
1303871
1303070
1300086
1305491
1305023
1302646
1300030
1301992
1302923
1301301
1305498
1301951
1303461
1304501
1301583
1302793
1304350
1300460
1300001
1306801
1305227
1300438
1305645
1306382
1302361
1302640
1302475
1305594
1306379
1302278
1301997
1305012
1305962
1301441
1302248
1306104
1305060
1300319
1300666
1300061
1304384
1303541
1301592
1306678
1306832
1303073
1305205
1301678
1304131
1301613
1305502
1305448
1302413
1305743
1300479
1303322
1303194
1306981
1304400
1306893
1304910
1303684
1301070
1304330
1302091
1306597
1301638
1303969
1305762
1304725
1304836
1306348
1302898
1306335
1305386
1306455
1300730
1300448
1303447
1305967
1300898
1306985
1301949
1303401
1304236
1303782
1305513
1306541
1304320
1306697
1300437
1304981
1303582
1304728
1305312
1304191
1303637
1304197
1302824
1305033
1300546
1305999
1303756
1301143
1305731
1306683
1304377
1306045
1306523
1300153
1305495
1301624
1301786
1303400
1302816
1300941
1303841
1306651
1301766
1304163
1300700
1304420
1302872
1302400
1301429
1300813
1301278
1306438
1300496
1301976
1306252
1303712
1302126
1300115
1305824
1305313
1301492
1306316
1302470
1305563
1300107
1300816
1303799
1305046
1303901
1306662
1300401
1303061
1304008
1305984
1301887
1303806
1302673
1302856
1305906
1300395
1306010
1303565
1304677
1302427
1303534
1301921
1303877
1303054
1300521
1301011
1300329
1306814
1305891
1304809
1300212
1303974
1304284
1301844
1303892
1306486
1300648
1300560
1301810
1305634
1303623
1304987
1300105
1304292
1304211
1304020
1303972
1302844
1301064
1304767
1300191
1304514
1303027
1302681
1301482
1301282
1305705
1304983
1304682
1301231
1301370
1303595
1300801
1305461
1303261
1302056
1301864
1306566
1302958
1302055
1303302
1303628
1304092
1301394
1301251
1303205
1300499
1303162
1306732
1302892
1300927
1301576
1301627
1301962
1303923
1304288
1303230
1302138
1303448
1303731
1305945
1304913
1301654
1303645
1303416
1305224
1300073
1300373
1300154
1300598
1306599
1305052
1301620
1301187
1302225
1304109
1306413
1305794
1305383
1303611
1301033
1303118
1300106
1303615
1301571
1306590
1303759
1303592
1304258
1306967
1305181
1302995
1306188
1303531
1301422
1305054
1303915
1303433
1300377
1302815
1303396
1303543
1304336
1304555
1303580
1300576
1303984
1300604
1306411
1303327
1302139
1304194
1303158
1301500
1301787
1300466
1306506
1300918
1306738
1305382
1304721
1302970
1306682
1302338
1306806
1305194
1304773
1301376
1306957
1304183
1304056
1306648
1304661
1304638
1302299
1301457
1305238
1304344
1303196
1300575
1306637
1301819
1306610
1304844
1300289
1304115
1306634
1301593
1303954
1301052
1304253
1303011
1301990
1306217
1305103
1301958
1306547
1300847
1301939
1302262
1300173
1301474
1305437
1300088
1304948
1303370
1300011
1304641
1304244
1300601
1300615
1304466
1304960
1302672
1301973
1306885
1300205
1305089
1303764
1305991
1301332
1301615
1301085
1305804
1305223
1304951
1306353
1301904
1304950
1300662
1304655
1302969
1302726
1302531
1305581
1306940
1300865
1306760
1304784
1304946
1305939
1301056
1304345
1303173
1303439
1304178
1301842
1304322
1303836
1306043
1301867
1301059
1304732
1304010
1300411
1306106
1300175
1304934
1300757
1300441
1304438
1300295
1300338
1303744
1305813
1303606
1303714
1305432
1305040
1304952
1300430
1300218
1302020
1306113
1305309
1301504
1301937
1306774
1305763
1305694
1302509
1303018
1306816
1305217
1303838
1302063
1303734
1301036
1304621
1301170
1303559
1302853
1303548
1304549
1300223
1301028
1304335
1304894
1304068
1301944
1304982
1306221
1304523
1300241
1304552
1304289
1301208
1305003
1301368
1303405
1301644
1301077
1300747
1302540
1304679
1301363
1304425
1302555
1305496
1306921
1304387
1304001
1301404
1304421
1300624
1300004
1301599
1302818
1300573
1306436
1305373
1306772
1304613
1302600
1303326
1306984
1301257
1300920
1301340
1303207
1300365
1306583
1302412
1302534
1302116
1303262
1303675
1302956
1300572
1306797
1305098
1304300
1301896
1303353
1305758
1300910
1301264
1300628
1303491
1302387
1302008
1306970
1304199
1305050
1306527
1304801
1303449
1300124
1304018
1305981
1300475
1306151
1300405
1304749
1301986
1303880
1302283
1300071
1303006
1306345
1302141
1302615
1302325
1306988
1300614
1304148
1302371
1302337
1300372
1303155
1303095
1300565
1302655
1306754
1301996
1300207
1305757
1304914
1304614
1304098
1303845
1302632
1305796
1301505
1304340
1301018
1300101
1306532
1301533
1302180
1301970
1305246
1300945
1305315
1306757
1303622
1306544
1305937
1304280
1302935
1304358
1305867
1305567
1302561
1303478
1300773
1303198
1304433
1305806
1304232
1306554
1301608
1301743
1303884
1303725
1302175
1300436
1305237
1300902
1305697
1302267
1306708
1301882
1304039
1301236
1306033
1304589
1304587
1304595
1304269
1304418
1302440
1304828
1303873
1301544
1303519
1301680
1304034
1300974
1300868
1303492
1303669
1304104
1302320
1304949
1304530
1303272
1301523
1304988
1301442
1300193
1300494
1303639
1303301
1301305
1302543
1305079
1302498
1300746
1303469
1301535
1300254
1306731
1303716
1301797
1302073
1301757
1301562
1304047
1306174
1305179
1306849
1304812
1302174
1303077
1302307
1304477
1301406
1306616
1302663
1302621
1301261
1302708
1305966
1304214
1305990
1303414
1302576
1301852
1300963
1303209
1305259
1304151
1304768
1301496
1301314
1306689
1303164
1300839
1302184
1300159
1300760
1300263
1306466
1304200
1302647
1305859
1302293
1301046
1300358
1306183
1303379
1301491
1305692
1301657
1306201
1306272
1305261
1303920
1304921
1306614
1303677
1300873
1305932
1303957
1300461
1306739
1303958
1301454
1302318
1306963
1302268
1301227
1302651
1303504
1302931
1302748
1302485
1302514
1303008
1303092
1302518
1301331
1302786
1306454
1306492
1303930
1304379
1303110
1302747
1303887
1302664
1304125
1304511
1306233
1301554
1302327
1300631
1305989
1303317
1304296
1301748
1300468
1305403
1305952
1303088
1301022
1305122
1300670
1302061
1303572
1301977
1306260
1304276
1305827
1300485
1305483
1306922
1301421
1303970
1300523
1300735
1305892
1304699
1303149
1301135
1303663
1306135
1306347
1306349
1306834
1304593
1303131
1306205
1304155
1306574
1300362
1302697
1306861
1303727
1301277
1300887
1300600
1304624
1302467
1302777
1301846
1305142
1305969
1300054
1301630
1300633
1305236
1305769
1300502
1305903
1300717
1300977
1301206
1301954
1300679
1300082
1300561
1303281
1300111
1306289
1306180
1302483
1302282
1300083
1303064
1304481
1302630
1300744
1306259
1301578
1304780
1303183
1302171
1305987
1303058
1306512
1304450
1301443
1306173
1305492
1302154
1302159
1304346
1300323
1306525
1306220
1302915
1301293
1302759
1303857
1300817
1303528
1306899
1303367
1302512
1305185
1301060
1301631
1305668
1306744
1300298
1303041
1303012
1300333
1300420
1304919
1301300
1301883
1306770
1305607
1300129
1305035
1306675
1302431
1300497
1304444
1302738
1301888
1306706
1302774
1306852
1306128
1300619
1302230
1305866
1300119
1302643
1302076
1304689
1305610
1306859
1306244
1305896
1303837
1304935
1306115
1303362
1304771
1303237
1304371
1301642
1306777
1300375
1304479
1303861
1305570
1304688
1305522
1306030
1302703
1306356
1302680
1304912
1301428
1304101
1304842
1303318
1300427
1301430
1304412
1302399
1301393
1300403
1305083
1300650
1300244
1304443
1303411
1300784
1303393
1303361
1305169
1300612
1302350
1302392
1300483
1300823
1306231
1302029
1306029
1304600
1300905
1306911
1306155
1302568
1305712
1302028
1305663
1306367
1304645
1306768
1304777
1302715
1303904
1301235
1302433
1302523
1300202
1304878
1303533
1300578
1304037
1304347
1303827
1304342
1303928
1306479
1303292
1304087
1306747
1303742
1306676
1302468
1301243
1304781
1301299
1303605
1301471
1303240
1304271
1306068
1305472
1300569
1303866
1306177
1306176
1306131
1300647
1302585
1300069
1303876
1306370
1302417
1306804
1303451
1300413
1302194
1303630
1306715
1306748
1301339
1302397
1305782
1300992
1302508
1303963
1300806
1300987
1306863
1302875
1302789
1303497
1304476
1302477
1305196
1304959
1305576
1305329
1304738
1301078
1302403
1303992
1302522
1306982
1305853
1302104
1301907
1301621
1305539
1300134
1305171
1302235
1303252
1306052
1306446
1303743
1302127
1301252
1304567
1306775
1304517
1302195
1304138
1306781
1300668
1301308
1300230
1306439
1302193
1306703
1302538
1304790
1305063
1300264
1303256
1304416
1306371
1303136
1302360
1302363
1304339
1304700
1306166
1306019
1306563
1301483
1306375
1302453
1305420
1300880
1303104
1304434
1305414
1302240
1304825
1302333
1302187
1302959
1304264
1302609
1304218
1302628
1305356
1301379
1306996
1303882
1302800
1300198
1301071
1302270
1301191
1300620
1301776
1300792
1305109
1303382
1304915
1302729
1305511
1305904
1305222
1301039
1304615
1302109
1304165
1306245
1305471
1306339
1305254
1300999
1305269
1306391
1302083
1300699
1306257
1301245
1306551
1301588
1305028
1306433
1303518
1302662
1303446
1303700
1306282
1300328
1300838
1303132
1306191
1302112
1305232
1302731
1301171
1306204
1300385
1303787
1304043
1302548
1303942
1306531
1301971
1304449
1305667
1300017
1301802
1300645
1306108
1302614
1305877
1305151
1301501
1306795
1305737
1302899
1301789
1301101
1302565
1306602
1306631
1304136
1302249
1300421
1301269
1302052
1300751
1305391
1304145
1302524
1300674
1300142
1304964
1300131
1304674
1301605
1306064
1305099
1305413
1301870
1306587
1300714
1303980
1300758
1303342
1304435
1305174
1305555
1304643
1304513
1303772
1300397
1300858
1304917
1304310
1300273
1304137
1302044
1306038
1301632
1300445
1301880
1306783
1302645
1306813
1301570
1300195
1306533
1304686
1302198
1300080
1300253
1300551
1301569
1305964
1305327
1302227
1305402
1306288
1304303
1303587
1306451
1302326
1302831
1303511
1304013
1302751
1302395
1302714
1303202
1306582
1306290
1305458
1300163
1305649
1301439
1303441
1303028
1305973
1301893
1306334
1302527
1303956
1305566
1305527
1302111
1302526
1300179
1300117
1300542
1304262
1305704
1304957
1304295
1304639
1301416
1302919
1303147
1300288
1306655
1306338
1300642
1303907
1306491
1301974
1303475
1305940
1301498
1305422
1302374
1303465
1302306
1304702
1302294
1305216
1306657
1300548
1302616
1304822
1302966
1304293
1301919
1301564
1305388
1305826
1300246
1304518
1306595
1303065
1306549
1306012
1301079
1305680
1304356
1306429
1302078
1302901
1304331
1301438
1304903
1306072
1303755
1303921
1306994
1303943
1301925
1305160
1306218
1304566
1306098
1300762
1302114
1304924
1303154
1302142
1305811
1306449
1301488
1303905
1303961
1304261
1301836
1300085
1305189
1302302
1301007
1304544
1303424
1306808
1302244
1306581
1306668
1300707
1303356
1303271
1302532
1306091
1302745
1304570
1306476
1303366
1302638
1301058
1302137
1306216
1303667
1302846
1301584
1305879
1300820
1305875
1303683
1301681
1303343
1300651
1304085
1302443
1301707
1302515
1306945
1306181
1306877
1301991
1303142
1305617
1305279
1305872
1305178
1302450
1301568
1303753
1303372
1303560
1300418
1303679
1305925
1304173
1302725
1305293
1306902
1303687
1302409
1303713
1302687
1305993
1300623
1305980
1305608
1302229
1306673
1304375
1306149
1304139
1303408
1305847
1306907
1302825
1304090
1300200
1302316
1305627
1302314
1305095
1302432
1302873
1302801
1300908
1301586
1306789
1300465
1304815
1301818
1305024
1302722
1303895
1303658
1303285
1301597
1306464
1301612
1302182
1301972
1306088
1302577
1306369
1302903
1303345
1306253
1303860
1306418
1300057
1300830
1300279
1304152
1300750
1301108
1302416
1306979
1304701
1301998
1305230
1301534
1301770
1300222
1301601
1302404
1305354
1306735
1302644
1303609
1306302
1301453
1306320
1300035
1302772
1302339
1302549
1301310
1304268
1306579
1301629
1300257
1304943
1301051
1300404
1301628
1300635
1300252
1303893
1306409
1301076
1306441
1303499
1306604
1306428
1302780
1301188
1305325
1301446
1306437
1304459
1300189
1306329
1301247
1302917
1304851
1302317
1302617
1301153
1303763
1302351
1303124
1303939
1303951
1304127
1302256
1301237
1303854
1304826
1304216
1305467
1303563
1300269
1305503
1303420
1302030
1302709
1301084
1301758
1305621
1303540
1302163
1305512
1302868
1300010
1302943
1300625
1306145
1304841
1306904
1304048
1303509
1306096
1301929
1304198
1304380
1304908
1305375
1302779
1300917
1304259
1306594
1305043
1303410
1304775
1302850
1300316
1304900
1300423
1304703
1300749
1306071
1303121
1302216
1301827
1306707
1300743
1306337
1305756
1306791
1302167
1301273
1301686
1304153
1305643
1304664
1302004
1301551
1306580
1306483
1305047
1305176
1301531
1305074
1304273
1302469
1306016
1300840
1304797
1300102
1302720
1302552
1302303
1302785
1304402
1300875
1305650
1306737
1301926
1300309
1304237
1302419
1302573
1302887
1302849
1300782
1302384
1305036
1300639
1305469
1306148
1305377
1301450
1300982
1304891
1302497
1306123
1306319
1304007
1302311
1304707
1302883
1305741
1305745
1300602
1304026
1305132
1306133
1305311
1305346
1302863
1300103
1304742
1301529
1304563
1300457
1304967
1304693
1300844
1302627
1306704
1304813
1306035
1306879
1303111
1301223
1305019
1304730
1305586
1303715
1303791
1302736
1300192
1300185
1305787
1304880
1303906
1300960
1302781
1303179
1306685
1304858
1306773
1301377
1305479
1301311
1301122
1300859
1303768
1306315
1300980
1302264
1301134
1306570
1305727
1301581
1302488
1306341
1304709
1301253
1304573
1304547
1302209
1302369
1302461
1305534
1305352
1304312
1303339
1303888
1300008
1303480
1300059
1301271
1305543
1302069
1305488
1303357
1302569
1300607
1304316
1306818
1302131
1303978
1302761
1304439
1300676
1300281
1300791
1300208
1305823
1306270
1303761
1304255
1300322
1303816
1304582
1306165
1305065
1306261
1302025
1300787
1305286
1304049
1306402
1306794
1304675
1302937
1302292
1306851
1305706
1303573
1306946
1304955
1304282
1304195
1301862
1303438
1301745
1303539
1301468
1300513
1303932
1300734
1305548
1301411
1304745
1303191
1306326
1301222
1301012
1301197
1301466
1301350
1306075
1303068
1306758
1302373
1300833
1302274
1301086
1301464
1306883
1302661
1303778
1306508
1306875
1302925
1303430
1300697
1300864
1300514
1305367
1305318
1304944
1300852
1303513
1302519
1304231
1300866
1303858
1303363
1306663
1300347
1301924
1303102
1305751
1301106
1303195
1301200
1302120
1303635
1301647
1303168
1301382
1305406
1305244
1300587
1303823
1304267
1304744
1302493
1306004
1300768
1302665
1300933
1303148
1301156
1305480
1303466
1304448
1305685
1306331
1306670
1300861
1300216
1302828
1300867
1306047
1304611
1303146
1302855
1304510
1300367
1304103
1302103
1305954
1301723
1305923
1301874
1303913
1302537
1304860
1301756
1303849
1301661
1305147
1301459
1301326
1303863
1304353
1306443
1306055
1304884
1300221
1301020
1305755
1303245
1301249
1305068
1306250
1301670
1306235
1306254
1302589
1300258
1303023
1302486
1301940
1302201
1303032
1302133
1305506
1304405
1306361
1301042
1301677
1301725
1301840
1305394
1306954
1302181
1304966
1301794
1306051
1303998
1302019
1300398
1305045
1303169
1302906
1305722
1301600
1303284
1302728
1305936
1301626
1300850
1305946
1304107
1300300
1301196
1304401
1301945
1300711
1301720
1301969
1303037
1302398
1300310
1300245
1301709
1302993
1300682
1302547
1301401
1300458
1305326
1305530
1300287
1302807
1300108
1306593
1304051
1306867
1306894
1303824
1305296
1301381
1303483
1306485
1300900
1300826
1303851
1301754
1301625
1306586
1304338
1304366
1305308
1301312
1300815
1304847
1306069
1301791
1306856
1304224
1301069
1305639
1306407
1303101
1305971
1301409
1305662
1300186
1305362
1302817
1302478
1306249
1306916
1305623
1300417
1305243
1303258
1301813
1301706
1306480
1306324
1306264
1304666
1301547
1303526
1300286
1303351
1301066
1302214
1302010
1306484
1303546
1301655
1303233
1306567
1306908
1304789
1302699
1305204
1302730
1304989
1306784
1301610
1301244
1306923
1304073
1302924
1302484
1306363
1303225
1300510
1305911
1300543
1305619
1306297
1302000
1305192
1305691
1301549
1303567
1303649
1305669
1306807
1304819
1302679
1301739
1300136
1306307
1303014
1300891
1301694
1303789
1305575
1301938
1306417
1303817
1302799
1302381
1306643
1305924
1301159
1305553
1301463
1300188
1302877
1302634
1303075
1304799
1304119
1301957
1306839
1301684
1302049
1300592
1303751
1300150
1305584
1302858
1304776
1304410
1304222
1304852
1302685
1300339
1300733
1300928
1306906
1306405
1304162
1305102
1300802
1306416
1305387
1303995
1306393
1304862
1301871
1301510
1305167
1301238
1303910
1306619
1305720
1301532
1302272
1305350
1305353
1304756
1302226
1302763
1305951
1300659
1305820
1306482
1302358
1301941
1303634
1301917
1305131
1306661
1301112
1305887
1305086
1300522
1306846
1301152
1304490
1303948
1304680
1301013
1305145
1301352
1304286
1305675
1300726
1300098
1304787
1300265
1305430
1304256
1306006
1300291
1301889
1305739
1302654
1305849
1301124
1305112
1304596
1305933
1303428
1304334
1301320
1304381
1303030
1303192
1300540
1303323
1300247
1305134
1302331
1300705
1302668
1305528
1300793
1305140
1305735
1305032
1306920
1306388
1306898
1304317
1303967
1302389
1303803
1305210
1301853
1303642
1302176
1304994
1306281
1306889
1301656
1300845
1305031
1300285
1304099
1300219
1303618
1305510
1302819
1300361
1302572
1305206
1300076
1305724
1305427
1301749
1304263
1306414
1305930
1306542
1302206
1304845
1305839
1301410
1306457
1303176
1305797
1303927
1301092
1305226
1300167
1305220
1302390
1302996
1305798
1304671
1303869
1302309
1305633
1300226
1304931
1304631
1306321
1302927
1306058
1301484
1301978
1303193
1305085
1306518
1304976
1306498
1305854
1300577
1303564
1304794
1301408
1303790
1302377
1300168
1300630
1302223
1301075
1303190
1306042
1306529
1305565
1304500
1300778
1304814
1300559
1306404
1302072
1303063
1305128
1303470
1303286
1301778
1304785
1306522
1302613
1305300
1301367
1302239
1302721
1305044
1305921
1304166
1306456
1306275
1301082
1301304
1305081
1302335
1300356
1306207
1306558
1306489
1305197
1306873
1306344
1302637
1302910
1302599
1302034
1303232
1305774
1306722
1302289
1304535
1300152
1303140
1306720
1301936
1305048
1301136
1304830
1306714
1300495
1306824
1306947
1301397
1302623
1302911
1303735
1304277
1300591
1302236
1302704
1302885
1306101
1304150
1304947
1302795
1302683
1300681
1303474
1305519
1301195
1301596
1301741
1304542
1306015
1303977
1300680
1302829
1304832
1303352
1303682
1300348
1302932
1301030
1303571
1304462
1301928
1306300
1306536
1300407
1304066
1305997
1306299
1302188
1306461
1300203
1306778
1306677
1302232
1304315
1303538
1306917
1303442
1301910
1302038
1302629
1305264
1306211
1301210
1305864
1301127
1305928
1305676
1304126
1304031
1306652
1301004
1300653
1305902
1303721
1302659
1302553
1304515
1302441
1304869
1303257
1305554
1300321
1306638
1303997
1306746
1306601
1300584
1305338
1306584
1302310
1301173
1306285
1304167
1303739
1306452
1304149
1302788
1303263
1305764
1300272
1304033
1304861
1302598
1304306
1305767
1304685
1301489
1305162
1301808
1305203
1300566
1302734
1306713
1306932
1305770
1301254
1301324
1305399
1305725
1305684
1300944
1306005
1300731
1301881
1300056
1302313
1305021
1306137
1305240
1302879
1301587
1300334
1300424
1300892
1304407
1302036
1303786
1306793
1302833
1306490
1303720
1303583
1300718
1302814
1301760
1303651
1300975
1306938
1301811
1300120
1300869
1304376
1302713
1303325
1304726
1301922
1302065
1300104
1306009
1305501
1306487
1300231
1300753
1300708
1305400
1305956
1304690
1305559
1300678
1302742
1305821
1306056
1304598
1302588
1300290
1303769
1303138
1305180
1305816
1306776
1305538
1301116
1305395
1304460
1300965
1301540
1303862
1304359
1305113
1306934
1305342
1302790
1300453
1303134
1303733
1301327
1301892
1302803
1305370
1304904
1304720
1303502
1302148
1304324
1305648
1306092
1303264
1301930
1304929
1303125
1302520
1301147
1303485
1303308
1305862
1301674
1301559
1306182
1306785
1302506
1304977
1301348
1301403
1302099
1306545
1302500
1306575
1304209
1301603
1301598
1305253
1302462
1303328
1302936
1305129
1304984
1306591
1300490
1301526
1300178
1305618
1305837
1301943
1302753
1305885
1306918
1306679
1304630
1304203
1303486
1303275
1300998
1306023
1302124
1304027
1305868
1306037
1302559
1305672
1300915
1301369
1302701
1300393
1301023
1300327
1304786
1306028
1305361
1301322
1303740
1306862
1301103
1304442
1306146
1302426
1300506
1301695
1303826
1306519
1303522
1306343
1305037
1306710
1303574
1305642
1306966
1302172
1305833
1301283
1301002
1301755
1305365
1300772
1303024
1306175
1303916
1303055
1302560
1304574
1304811
1300442
1302224
1303457
1305280
1302386
1303243
1301905
1301296
1306421
1304285
1300133
1304887
1304451
1305752
1302332
1305856
1303697
1306494
1302026
1306779
1303588
1300568
1305838
1306138
1306790
1300849
1300906
1304022
1306913
1303127
1304824
1304779
1302612
1303810
1301328
1300950
1300238
1302084
1300646
1302430
1302922
1305909
1306829
1306061
1303383
1306880
1303107
1306836
1305411
1301088
1306225
1304687
1304618
1305241
1304890
1302115
1304543
1300877
1302458
1300158
1304753
1304480
1302976
1305686
1301683
1305305
1306639
1306396
1306050
1302965
1306167
1305444
1300634
1300765
1304835
1300925
1305912
1306116
1301643
1300638
1304712
1305568
1300463
1306975
1302487
1303874
1300919
1304238
1304714
1300969
1300147
1302904
1301034
1301150
1303435
1301288
1303450
1303696
1303495
1304486
1305038
1304972
1302379
1301475
1303299
1302166
1300306
1302476
1302813
1302439
1302243
1303005
1305421
1306385
1305481
1305455
1305532
1304035
1301364
1306882
1305978
1305116
1302107
1306725
1305114
1302021
1302471
1300013
1304592
1302053
1301346
1300450
1303940
1305836
1303550
1306850
1300893
1302341
1306686
1303711
1305130
1302023
1305215
1306153
1304875
1302622
1303481
1306552
1305126
1305078
1305339
1300536
1301130
1303805
1301715
1305321
1300870
1300812
1304187
1301679
1304849
1301279
1303056
1301575
1300296
1301557
1300706
1303314
1306094
1306445
1303482
1305182
1300130
1303750
1301158
1301807
1306080
1303277
1301942
1300484
1300796
1306556
1302006
1305487
1301911
1303434
1301164
1305187
1303354
1303488
1300766
1302391
1306084
1304422
1302574
1303471
1306931
1304391
1302544
1305404
1303187
1301241
1302985
1301507
1306857
1304040
1306189
1301493
1301487
1302352
1304795
1305812
1301109
1300048
1302567
1306828
1302212
1305703
1304554
1306956
1300618
1300157
1306798
1303219
1305666
1306515
1305776
1303021
1302130
1302014
1301255
1306914
1306238
1300663
1305288
1300099
1302211
1302424
1301390
1302213
1306540
1305294
1306214
1305992
1305917
1305753
1305015
1304180
1302452
1300469
1304772
1305908
1304667
1303527
1304304
1305133
1304920
1305897
1304886
1305249
1305938
1306528
1300855
1302366
1302178
1304226
1300876
1306559
1301753
1305106
1304925
1300940
1305332
1302494
1306788
1300344
1300402
1304054
1306999
1305080
1306603
1302287
1306943
1304185
1306312
1305260
1302405
1305625
1303788
1300275
1305278
1303082
1300800
1300986
1305500
1303979
1300190
1301259
1300613
1306399
1306986
1306076
1303500
1304694
1301994
1302771
1306420
1306473
1300894
1304494
1302437
1303203
1303629
1306089
1302359
1306170
1303681
1305016
1303397
1304456
1305733
1301773
1303185
1305508
1302737
1304357
1302717
1304616
1301985
1302406
1301110
1305143
1300854
1306600
1304363
1301307
1303371
1302086
1304309
1304257
1304497
1303557
1304647
1303839
1305600
1302798
1301361
1304833
1302988
1300431
1302842
1301650
1300325
1306495
1305062
1305876
1305407
1301396
1303114
1302079
1303991
1306208
1304461
1304916
1306322
1306516
1302042
1302380
1305537
1301148
1300643
1306350
1306060
1300929
1303661
1306158
1304863
1304650
1302530
1305834
1305551
1302604
1302994
1301167
1305869
1301179
1304837
1303403
1306909
1303507
1306074
1303659
1301373
1302694
1303569
1301521
1301427
1305780
1305714
1300605
1303601
1304741
1300921
1306903
1306827
1305067
1300227
1300493
1306952
1302693
1304942
1303254
1302859
1303093
1302089
1300456
1302090
1305941
1306274
1302696
1303719
1300164
1304557
1305141
1303035
1300916
1303315
1305211
1306125
1301932
1301658
1301461
1303664
1306701
1303614
1306560
1300155
1303265
1301480
1302322
1303815
1306823
1305561
1306912
1306799
1301009
1306007
1302260
1303917
1300009
1304640
1304297
1305457
1301426
1304874
1303770
1301343
1301398
1303701
1301054
1305303
1303324
1301126
1302035
1302237
1306332
1302277
1304156
1300769
1300632
1300723
1306081
1300739
1301543
1304711
1305871
1306046
1304871
1304086
1303228
1304803
1306764
1300738
1304808
1306526
1305679
1302920
1301792
1305609
1306629
1300414
1301550
1301319
1304298
1300740
1302146
1303730
1301334
1303665
1304044
1301712
1302975
1300292
1306090
1302594
1302584
1302179
1306983
1305881
1302503
1306802
1305961
1306961
1301646
1301049
1304733
1303463
1300895
1302746
1300979
1303484
1305656
1304856
1305218
1303348
1301003
1302758
1305698
1300994
1306500
1300835
1305799
1304065
1304424
1300251
1305982
1302051
1304372
1306102
1304503
1300712
1304487
1305343
1304062
1306284
1302690
1301855
1304009
1300775
1304308
1305545
1305996
1301984
1306401
1305285
1301358
1303935
1303044
1304818
1301274
1302001
1302689
1302946
1300077
1304665
1304722
1306317
1304000
1306749
1305614
1301955
1304361
1301280
1301950
1304708
1304328
1301539
1305775
1305726
1305255
1303066
1306232
1303820
1303655
1306890
1301351
1304821
1304382
1301258
1301859
1306718
1304220
1306504
1301847
1305364
1304649
1303693
1303338
1303896
1304388
1302981
1300567
1301205
1303473
1303404
1304447
1306054
1301663
1300492
1300128
1306065
1303762
1306624
1306127
1300391
1304386
1301900
1303594
1306936
1300341
1304893
1301636
1303926
1306730
1302220
1303280
1302578
1301988
1305161
1301213
1306905
1305135
1303911
1302345
1303311
1305588
1306962
1305683
1306400
1306709
1304196
1306427
1304017
1301908
1300644
1305707
1305118
1301764
1305550
1300171
1305371
1302841
1306953
1301987
1306691
1302669
1304217
1302864
1302762
1301448
1300028
1300237
1303524
1303128
1304225
1305777
1306884
1302143
1304805
1304591
1303413
1302340
1306900
1302951
1305632
1305389
1301275
1304319
1303096
1303689
1305646
1301879
1300661
1300533
1302219
1300525
1303707
1305195
1300036
1305870
1301660
1306067
1302080
1306505
1302583
1301008
1304360
1300579
1303741
1303576
1300984
1302983
1306041
1303747
1306008
1303031
1301698
1301518
1303016
1301885
1300985
1305127
1300671
1305069
1304993
1301240
1305333
1305748
1306623
1304817
1300545
1302961
1306605
1304897
1306384
1303378
1305717
1305138
1302580
1300381
1304766
1302464
1303269
1300616
1301783
1300593
1301775
1302865
1305846
1301423
1301761
1306733
1304985
1300988
1302602
1302496
1301405
1304458
1300002
1301497
1304883
1304526
1304731
1300095
1305920
1306241
1306262
1305277
1300349
1306671
1303931
1305542
1302150
1300033
1301744
1301708
1305701
1302626
1303320
1306293
1305105
1302117
1302749
1306645
1306667
1306771
1306152
1302874
1301805
1302321
1302504
1304577
1302880
1303586
1301508
1304299
1305146
1301742
1301359
1306011
1300058
1305221
1305007
1300137
1305778
1302782
1305456
1305463
1301192
1305247
1304168
1305446
1300856
1303161
1305850
1302364
1301029
1300335
1301371
1306129
1306765
1306295
1301594
1301214
1305766
1306811
1304550
1302941
1302466
1300583
1301234
1300138
1300482
1303298
1305696
1301321
1301246
1306017
1302550
1305123
1304229
1305690
1301117
1300804
1305096
1306117
1303982
1300277
1306871
1300827
1306724
1304923
1304041
1306576
1302928
1302657
1301325
1302286
1305396
1303525
1301785
1305200
1302365
1306095
1300374
1300012
1306377
1304032
1303765
1300901
1305030
1302446
1306126
1303627
1304843
1300042
1302980
1300932
1300023
1302916
1306355
1302186
1301700
1300549
1302533
1303955
1301098
1301769
1301286
1301567
1300828
1304485
1305252
1306202
1304907
1303247
1300443
1301565
1302991
1301899
1300382
1305888
1302739
1300467
1305439
1301966
1304193
1301746
1304249
1305485
1302170
1305349
1301854
1306224
1300701
1300043
1305552
1306964
1304750
1302852
1301752
1303303
1301142
1300947
1300888
1306077
1303455
1303833
1306303
1305435
1304748
1305802
1303781
1300531
1306212
1305484
1301751
1306383
1300716
1303113
1303454
1300539
1304365
1306422
1304758
1301287
1304938
1300091
1305385
1300156
1300040
1300724
1302563
1305531
1303598
1301514
1301128
1303832
1301515
1306378
1305658
1304272
1301303
1301675
1305412
1305084
1306314
1305571
1300821
1303962
1300452
1301838
1301044
1304251
1305447
1305156
1303199
1301777
1300211
1305034
1305641
1304468
1303426
1300097
1302618
1305077
1304024
1303842
1302298
1302948
1305331
1306822
1303758
1305494
1302140
1304327
1303385
1302145
1302135
1303885
1306699
1306333
1300903
1304602
1306425
1302421
1301903
1306924
1300552
1302776
1306756
1303165
1300096
1301768
1302032
1305822
1300790
1304170
1300848
1301784
1303215
1305076
1304896
1300767
1303360
1306002
1304038
1303126
1301043
1302957
1300691
1305104
1304474
1303200
1302479
1300562
1306998
1304941
1306837
1303508
1302586
1305139
1301353
1306755
1305168
1305760
1303249
1305880
1305462
1305284
1305624
1301767
1303456
1302710
1304454
1306247
1302596
1303477
1305659
1300588
1300672
1306681
1300970
1306200
1306365
1306891
1303312
1305239
1304140
1300315
1300754
1303650
1303033
1306571
1301161
1305234
1304927
1302423
1303213
1303722
1306565
1302482
1300122
1301861
1305605
1301685
1305268
1304252
1303925
1305409
1301035
1301542
1303409
1306160
1304239
1304506
1300629
1303234
1300340
1305671
1302513
1300166
1302121
1306209
1302913
1305449
1305790
1300126
1304531
1303793
1302591
1306569
1301025
1306696
1306497
1306292
1305328
1306141
1304475
1305773
1302218
1304063
1300018
1304556
1306412
1304579
1305297
1300794
1303112
1302926
1306458
1301582
1304980
1302942
1304078
1304123
1305808
1305464
1306842
1304305
1306973
1303098
1303542
1304519
1303593
1303780
1300330
1303025
1304829
1304590
1301019
1300194
1305324
1306465
1303220
1304990
1305742
1305317
1303494
1306340
1305995
1303059
1306680
1305602
1302445
1306665
1301080
1300014
1304676
1304134
1300515
1304069
1305417
1306928
1306687
1306723
1306296
1306032
1304283
1303384
1304385
1306481
1303017
1301494
1302564
1303834
1303274
1300135
1305560
1306236
1306203
1300070
1301923
1301462
1300440
1302775
1301048
1303029
1305482
1305172
1305087
1303848
1300029
1305299
1304872
1304174
1306434
1301530
1303297
1302149
1300534
1303419
1306169
1306654
1301386
1301473
1304539
1303087
1302674
1304095
1304130
1306721
1304888
1303224
1301649
1303501
1301595
1302755
1300213
1301114
1300274
1301793
1303051
1302501
1306475
1301207
1305292
1305915
1305438
1306132
1302695
1305761
1301894
1305001
1300710
1300021
1306930
1303273
1306630
1300261
1305476
1300530
1304681
1306636
1302516
1303821
1305805
1304866
1306119
1302037
1305020
1306741
1302254
1306750
1302677
1304473
1303253
1303971
1306578
1306267
1304399
1306105
1302986
1305005
1303996
1301967
1305972
1305091
1303268
1305784
1305828
1301201
1305262
1306229
1300435
1301812
1300553
1305445
1304522
1304332
1300284
1304373
1306585
1300140
1303296
1300617
1300507
1302830
1301198
1305320
1304594
1302200
1301506
1305214
1306472
1303852
1306360
1303879
1306960
1302757
1304396
1301835
1302296
1305857
1305983
1305408
1300971
1303295
1301832
1305014
1302893
1302562
1306803
1306831
1305601
1300314
1302854
1302018
1306646
1301239
1302436
1304831
1301102
1304389
1306939
1305051
1304326
1305524
1306087
1306474
1301420
1305423
1305544
1302945
1306468
1303210
1305207
1306186
1304147
1306976
1305814
1306130
1306287
1303377
1300332
1304052
1304529
1305499
1304706
1306927
1306978
1301016
1303966
1301964
1300346
1304936
1305474
1302631
1301366
1306535
1306830
1301511
1300464
1303652
1304997
1300656
1303057
1301982
1302521
1305256
1305159
1303358
1305569
1305359
1305631
1306226
1305392
1300544
1301579
1306698
1304029
1302173
1302217
1304012
1306291
1301633
1306926
1304782
1300165
1302517
1306070
1300809
1306743
1300863
1303503
1306845
1305489
1301021
1303365
1301956
1306847
1306727
1301843
1302641
1304318
1303964
1304408
1300995
1301809
1305889
1306280
1302934
1306021
1306430
1303307
1301616
1303350
1300079
1303666
1301330
1306612
1301828
1305898
1306168
1306690
1306000
1301276
1301790
1306283
1306366
1303648
1304015
1304016
1303026
1306234
1306273
1305746
1300419
1305916
1301072
1303223
1305345
1301983
1303489
1306271
1302113
1305290
1302492
1306618
1306509
1302998
1300937
1304691
1303591
1306150
1305860
1305882
1302378
1305497
1304599
1302448
1303621
1305688
1303250
1300795
1306496
1302370
1306237
1306357
1300818
1304452
1300094
1306215
1305556
1306362
1302716
1303467
1304143
1302097
1304169
1302896
1301129
1304911
1303279
1305944
1300376
1300336
1303167
1305974
1305257
1300590
1301055
1302259
1304159
1301384
1301848
1303321
1306390
1305592
1304937
1305454
1304609
1300022
1305107
1300225
1306014
1306172
1300654
1303695
1301898
1304603
1302989
1301716
1301516
1301801
1302732
1305521
1302208
1301857
1304877
1302636
1306406
1306286
1300307
1300006
1301400
1302221
1300065
1300368
1302323
1304553
1304431
1305651
1300807
1302134
1301952
1300053
1303710
1300144
1300690
1301433
1301378
1300649
1300235
1303153
1306268
1303283
1305379
1301623
1305616
1301935
1305647
1301391
1305183
1301417
1302529
1300210
1302974
1300299
1305716
1305800
1305520
1303521
1300889
1301087
1305914
1303908
1304783
1300161
1303222
1301479
1305612
1306161
1304074
1305926
1303597
1306265
1301045
1306958
1304928
1306419
1304746
1302304
1305895
1305844
1306018
1302743
1302495
1304729
1303022
1303512
1300294
1301199
1301759
1304213
1306517
1302502
1301281
1300268
1303985
1303819
1306910
1300199
1306971
1300196
1302822
1305158
1300752
1301772
1301014
1300508
1300938
1304502
1301026
1301981
1302164
1301580
1302376
1303724
1305110
1303640
1305518
1302261
1305734
1303432
1304428
1300352
1306351
1304930
1306426
1304483
1306625
1302845
1302990
1306848
1301184
1304507
1306044
1304597
1302930
1300470
1300426
1304873
1303305
1303685
1305459
1305191
1302315
1300725
1305845
1301104
1300763
1304569
1305266
1302228
1305781
1303636
1303108
1304343
1304759
1305017
1306001
1305526
1302129
1306622
1304182
1304058
1300462
1300250
1302161
1304999
1306740
1300429
1306628
1304240
1306812
1305042
1305541
1301302
1301948
1303771
1300342
1300836
1303552
1300881
1305072
1301178
1304186
1300610
1302808
1301472
1305986
1306870
1306868
1305709
1305022
1306013
1305477
1302308
1301823
1304171
1300062
1305998
1300145
1302536
1304724
1306398
1305913
1306669
1305250
1306617
1304623
1306066
1305291
1305604
1302428
1304132
1300075
1305473
1305009
1306408
1306190
1305064
1300810
1306620
1305165
1305622
1302671
1304551
1301166
1300370
1305428
1306853
1304089
1303754
1303737
1305059
1300266
1301095
1302744
1305599
1304739
1302938
1306136
1306860
1304059
1301162
1305791
1301344
1305557
1305124
1301217
1300416
1306896
1304106
1300935
1303337
1300683
1304906
1300283
1302984
1305893
1305654
1305935
1303099
1306997
1305306
1300814
1302667
1306598
1305949
1304404
1302944
1302624
1301094
1305843
1303702
1306513
1306346
1301729
1304765
1305803
1301425
1301829
1303036
1306372
1306477
