1301351
1301105
1304749
1307051
1303117
1300087
1305228
1307396
1302805
1302533
1303389
1302750
1306800
1305787
1300434
1300390
1301204
1307064
1308835
1309538
1300178
1304616
1306485
1309570
1306201
1305119
1302319
1301942
1309913
1308010
1300330
1302449
1301898
1309556
1308695
1302188
1304510
1304902
1302005
1306894
1304580
1308467
1309907
1301482
1306638
1303507
1301859
1302874
1300246
1308910
1300863
1306683
1302940
1302076
1301232
1309768
1303299
1303434
1300029
1300396
1301773
1307808
1300641
1306306
1308884
1300305
1307952
1301375
1305051
1302402
1302043
1304370
1302084
1301614
1302658
1302811
1305875
1302553
1301818
1301594
1302290
1301700
1305295
1302617
1307494
1307537
1300156
1305053
1301666
1302823
1308184
1303752
1302971
1305128
1302227
1305891
1302797
1302401
1306961
1308859
1302332
1303537
1309606
1300137
1303645
1306878
1301283
1308774
1306581
1303828
1301952
1301518
1301697
1307152
1307931
1303668
1304120
1300045
1308768
1306007
1306047
1304476
1309705
1302516
1307420
1302585
1300967
1307292
1300797
1307467
1302882
1304744
1304857
1305452
1302525
1309514
1303190
1306203
1303678
1305581
1306126
1306845
1305391
1304588
1305723
1305594
1307557
1300619
1301001
1302756
1308224
1306784
1302786
1300231
1308584
1306550
1309612
1301846
1302678
1301804
1304793
1309434
1301598
1303114
1302107
1301577
1301133
1307481
1307500
1301530
1306335
1303380
1306125
1302952
1302036
1300985
1306605
1300597
1308931
1300165
1302461
1300753
1306144
1307055
1301953
1301963
1309082
1302707
1304601
1300023
1301992
1305874
1306241
1308593
1304454
1309575
1305350
1302177
1302474
1306110
1300186
1304784
1306652
1309696
1300090
1301370
1300821
1300978
1300494
1307348
1309367
1300687
1303296
1302191
1301981
1300099
1303841
1308125
1302532
1300217
1307224
1308067
1306795
1303127
1301340
1300593
1304199
1307625
1309380
1307150
1303258
1301499
1302413
1307175
1303509
1300699
1302173
1300602
1301659
1301950
1309589
1302973
1300135
1304865
1305804
1307749
1301265
1300291
1302889
1300196
1302686
1305394
1303345
1300418
1300886
1302051
1303890
1307759
1306953
1302630
1306287
1301192
1304820
1301673
1303837
1303464
1309121
1301772
1301645
1309329
1303309
1305188
1306524
1305627
1302205
1303524
1301863
1301676
1302835
1309305
1306738
1306217
1301918
1302693
1302875
1304459
1306913
1302894
1306838
1302997
1304712
1300509
1303638
1306272
1304720
1300082
1306666
1301560
1303050
1304595
1302566
1306771
1309278
1303737
1307252
1307937
1309470
1305706
1303931
1306076
1301644
1308997
1306947
1302302
1306857
1309151
1301143
1302577
1306830
1302203
1302306
1309365
1308839
1309536
1304503
1304329
1308275
1300822
1306898
1305583
1303304
1308274
1301893
1305635
1302405
1308049
1306617
1304729
1302221
1303579
1303683
1307412
1307543
1309707
1302837
1300776
1305093
1302669
1307016
1305314
1301269
1302649
1306248
1302375
1308725
1300272
1308016
1307018
1307050
1306532
1302600
1309634
1309053
1306300
1301275
1306903
1304777
1309999
1303307
1305879
1302627
1301664
1302313
1301763
1300072
1304988
1308741
1302038
1301876
1305386
1309558
1304598
1304192
1300436
1307198
1307403
1307556
1304908
1301005
1307115
1300289
1300219
1305033
1304910
1309231
1303278
1305881
1309685
1303995
1300126
1309042
1306572
1302114
1307008
1307411
1308842
1300420
1306023
1300729
1300240
1304714
1301658
1301361
1304998
1301948
1307132
1305481
1300184
1309013
1302452
1309590
1300498
1307143
1307726
1309399
1302628
1306721
1303276
1304211
1302089
1309188
1302478
1308269
1300954
1307365
1302115
1309719
1302451
1302095
1300245
1309265
1308489
1309534
1302675
1308420
1304709
1300296
1301929
1300628
1303146
1300678
1305982
1301151
1307650
1304363
1306533
1308313
1308151
1307649
1305316
1303382
1303264
1304398
1304726
1303963
1307297
1301563
1303960
1308592
1306106
1304094
1301114
1308287
1307814
1303410
1307914
1304812
1304090
1305283
1307409
1309306
1308900
1304995
1301641
1305511
1306861
1301004
1307911
1302112
1309579
1301444
1308767
1308362
1300933
1303551
1303425
1306999
1305619
1302583
1306611
1308119
1306917
1306972
1306739
1305563
1300104
1303656
1309553
1307737
1308999
1308743
1303003
1302819
1308916
1302711
1301896
1307444
1305751
1306205
1306121
1309914
1306630
1300905
1300173
1306394
1300950
1306250
1304512
1308753
1304981
1300791
1309462
1304648
1307202
1305205
1301031
1302698
1302999
1300529
1304325
1300486
1301785
1300570
1303758
1302240
1301307
1309207
1304957
1308267
1303716
1304748
1302570
1308660
1301640
1309069
1303130
1305491
1307137
1307451
1308977
1307632
1301338
1301609
1305203
1307568
1300633
1300688
1308897
1300365
1303182
1302494
1301247
1301354
1300542
1306085
1309480
1307402
1305638
1300206
1300911
1306925
1304654
1307293
1301465
1303132
1308033
1300071
1307385
1308279
1305628
1309153
1308043
1300829
1306740
1300826
1300812
1303485
1307884
1309371
1302681
1300345
1302063
1300723
1300963
1304525
1302830
1301624
1307363
1304442
1306430
1307139
1309110
1304779
1303542
1302718
1307147
1302504
1300410
1303721
1302559
1305996
1308757
1302702
1307236
1300452
1301826
1309494
1304067
1303484
1303074
1304972
1300457
1301139
1301604
1308548
1303163
1307347
1303812
1302742
1309087
1300553
1304539
1301833
1304929
1305666
1301040
1300022
1302102
1302785
1306222
1300908
1303791
1301032
1303798
1302368
1304818
1301994
1309642
1308818
1300673
1302273
1302580
1302901
1305991
1300382
1305586
1300378
1300279
1300615
1308353
1309760
1300383
1305951
1300360
1304813
1302175
1302179
1303728
1306469
1309219
1300676
1305599
1309620
1305412
1302024
1309491
1309484
1305791
1309965
1308240
1308868
1302417
1308175
1301026
1306612
1301980
1306088
1301262
1302748
1301921
1306693
1301074
1304285
1300618
1306281
1308023
1300363
1302812
1301872
1305709
1301897
1300525
1304614
1300003
1305929
1303169
1306750
1302045
1303536
1308993
1307037
1306815
1306667
1309359
1301497
1303340
1303809
1306789
1309456
1308713
1309940
1301819
1306062
1303167
1303082
1306196
1303297
1308904
1306892
1301047
1307887
1302703
1303970
1300389
1302011
1300748
1305232
1301389
1305562
1307706
1308206
1308940
1306907
1308230
1303919
1309687
1300096
1308451
1305633
1301828
1306517
1308182
1301463
1301802
1308824
1307017
1300922
1300749
1308917
1307070
1306130
1306471
1303334
1306899
1301170
1306949
1305291
1307951
1304142
1302560
1301449
1303377
1306650
1309993
1301769
1308926
1306065
1307629
1308848
1303769
1303957
1301199
1301070
1303567
1302389
1300262
1304038
1305837
1301684
1307510
1302685
1300278
1307021
1300734
1301978
1306462
1305044
1303569
1309102
1308265
1304305
1300787
1305775
1307478
1303754
1308513
1305557
1304443
1307074
1309221
1306411
1309548
1307742
1308781
1304350
1300862
1308697
1302409
1306948
1308384
1300136
1301128
1304191
1302881
1300637
1300433
1306793
1307560
1301912
1306082
1309669
1308762
1302626
1300176
1309825
1303326
1301065
1301239
1302590
1300216
1304205
1303105
1306391
1307327
1307786
1300960
1307903
1304802
1301927
1307674
1306444
1300199
1309310
1308116
1301892
1309485
1303265
1304786
1306493
1308780
1302141
1305342
1301665
1306293
1308338
1301713
1309401
1303454
1300883
1306183
1309941
1300970
1300299
1302956
1309184
1304843
1306456
1308007
1300242
1307226
1305769
1307885
1301998
1306337
1303778
1306675
1305713
1304570
1307495
1305461
1309081
1305877
1304438
1309317
1305007
1303901
1304947
1303285
1308523
1302857
1308159
1309113
1302529
1307307
1304762
1300682
1306900
1307268
1301082
1302728
1304159
1307474
1309235
1304846
1301972
1300718
1309406
1308440
1305760
1309028
1308898
1302263
1300683
1307161
1303218
1307929
1303007
1300190
1306488
1303436
1301601
1304412
1308389
1309700
1301481
1300131
1300265
1309962
1300203
1303257
1301677
1302427
1307189
1304027
1302635
1302358
1304372
1300014
1305330
1306079
1306460
1301638
1301528
1306050
1309981
1302470
1302082
1302022
1305426
1304168
1307122
1302350
1301420
1303568
1305217
1307910
1300302
1304524
1302829
1309276
1306826
1306959
1306412
1307661
1301406
1303057
1302326
1308425
1308796
1300047
1307915
1303512
1308225
1309446
1308911
1308817
1308965
1308236
1302671
1304832
1304486
1301447
1308312
1301971
1304424
1304585
1306647
1308989
1301512
1301183
1307648
1304461
1307078
1303993
1302456
1301478
1307817
1304278
1302432
1300160
1304538
1305307
1307277
1303755
1304051
1300735
1301278
1301547
1307004
1309150
1308390
1306773
1308144
1308675
1302447
1305679
1303412
1301092
1309532
1308286
1301719
1304830
1307551
1307211
1304107
1307362
1307452
1308508
1308899
1305296
1300590
1306656
1302531
1300969
1308314
1309537
1309183
1309785
1302597
1300695
1303780
1301775
1300522
1302873
1300983
1308553
1306535
1300100
1301039
1300794
1302245
1307278
1305089
1309345
1304203
1304863
1306790
1304154
1308744
1305117
1305840
1301415
1303282
1302813
1300320
1303964
1300747
1308866
1301467
1302002
1305052
1307630
1304457
1300209
1307038
1306058
1301356
1301402
1309856
1302907
1304468
1302777
1302169
1306908
1308251
1309771
1301667
1309217
1300502
1303677
1300181
1309745
1302096
1300717
1304501
1303488
1308955
1305990
1300493
1309237
1300321
1302993
1307941
1306823
1307979
1305223
1300936
1306772
1309716
1302253
1303846
1309592
1301211
1300872
1305947
1301588
1301116
1307135
1303153
1305593
1302243
1307813
1306516
1307415
1301407
1306450
1301365
1304024
1305021
1306691
1306385
1302442
1304725
1305278
1305505
1300495
1300288
1301691
1306930
1301274
1307862
1300657
1306328
1304105
1300737
1303590
1301815
1303747
1301766
1305145
1303692
1308623
1305853
1306092
1307053
1307086
1300596
1300034
1305636
1301144
1303120
1308093
1308729
1304366
1309023
1308129
1308028
1302019
1307012
1304499
1303268
1305651
1309966
1307479
1300948
1300612
1300767
1305708
1301906
1305037
1302499
1302090
1302125
1307775
1306986
1303763
1300039
1301472
1308524
1302134
1305484
1308708
1301377
1304108
1302789
1300159
1309948
1309923
1305380
1307779
1303154
1305501
1301505
1307553
1300073
1301750
1300183
1308619
1308247
1308041
1301768
1300679
1307312
1307671
1300080
1307703
1309663
1308800
1300995
1300778
1301013
1309105
1301093
1305826
1306828
1306109
1301808
1302488
1301066
1309071
1302015
1309145
1305086
1308419
1306342
1305029
1301010
1305570
1302677
1304118
1303174
1300476
1301117
1307311
1301159
1308982
1302668
1302596
1307393
1302058
1301721
1303034
1303179
1308815
1309104
1300077
1309459
1303035
1300422
1301536
1306820
1308272
1302674
1305868
1303314
1308851
1300885
1307167
1303219
1308463
1306317
1306558
1302663
1305082
1308363
1304462
1306982
1300823
1301358
1301834
1303790
1304590
1306599
1303421
1303177
1303949
1309623
1300051
1300224
1307530
1301322
1307179
1306279
1301899
1300566
1303679
1305721
1308953
1301690
1302729
1306301
1305657
1308234
1308507
1309748
1307580
1303774
1307049
1308480
1306378
1300250
1308190
1302725
1307897
1301268
1300063
1306049
1306131
1303998
1305704
1309786
1304803
1304219
1301263
1307968
1302803
1305063
1300148
1308132
1301581
1308518
1305470
1306099
1302281
1300016
1305634
1309547
1300194
1306808
1304396
1303244
1306534
1301851
1302655
1303067
1309369
1306061
1301964
1309885
1306225
1300402
1301607
1301166
1307284
1300607
1303802
1307776
1308557
1301724
1308941
1305480
1305167
1300198
1302589
1301137
1304029
1302708
1309961
1306489
1308412
1303707
1308099
1308990
1302077
1307623
1305210
1305645
1306458
1304347
1304745
1309997
1300675
1302619
1302920
1309206
1307969
1308896
1305520
1301722
1307792
1306764
1306346
1301470
1309720
1305243
1305740
1303631
1308788
1303972
1304355
1307835
1301687
1308374
1304496
1308446
1305606
1302408
1308846
1306890
1307554
1305253
1306145
1309811
1309744
1305664
1302664
1309075
1305515
1301227
1301345
1306104
1304672
1306995
1304223
1302167
1305286
1307670
1308368
1309715
1301203
1307899
1302395
1301182
1309676
1302672
1301675
1305861
1307460
1300841
1306728
1307660
1303495
1304898
1305952
1301757
1309157
1306233
1304071
1307803
1300853
1306331
1305677
1308763
1309443
1302963
1306604
1300322
1307192
1306432
1309980
1302060
1304447
1303573
1301788
1300837
1300813
1306618
1305431
1304646
1300025
1308477
1309655
1301996
1301156
1302229
1302434
1302360
1307666
1308934
1302035
1307470
1302053
1300998
1307906
1305795
1305028
1306685
1309292
1303000
1306922
1307577
1300489
1300706
1304987
1304066
1300681
1302801
1304851
1300336
1304143
1301743
1301295
1301414
1308201
1304297
1307842
1303591
1300233
1308674
1305608
1308978
1300158
1304478
1302311
1304204
1305621
1307963
1308551
1308149
1302421
1303860
1306893
1307746
1303526
1308068
1300200
1303150
1304922
1305392
1304527
1308783
1302436
1300987
1302867
1308354
1300044
1308012
1307920
1300521
1308752
1305383
1301328
1307221
1307590
1301982
1300796
1303496
1302234
1303469
1308826
1302492
1306717
1306783
1302599
1302020
1309718
1302054
1309667
1305092
1302377
1304927
1306585
1305175
1309694
1305435
1307061
1302166
1304322
1305716
1305661
1308387
1304703
1300614
1303515
1304091
1308433
1302493
1301068
1307088
1305251
1304546
1300928
1307891
1303235
1300138
1303810
1306931
1305856
1309739
1309779
1305522
1307527
1309746
1303122
1302299
1309921
1303228
1304579
1303899
1308510
1304659
1302778
1301728
1305711
1308157
1303781
1308289
1303937
1309039
1302719
1308915
1303324
1309987
1305163
1306657
1308883
1304686
1306872
1304031
1305834
1302257
1306396
1302100
1308003
1302110
1301973
1306021
1309123
1302761
1309171
1302414
1302138
1302975
1308771
1307218
1303139
1301928
1303555
1302334
1304052
1304379
1304207
1301865
1306216
1307168
1302486
1300401
1306038
1307119
1309646
1302412
1309844
1304291
1307615
1301028
1305815
1301668
1305660
1301610
1303104
1308407
1302109
1305748
1302783
1300140
1300988
1301864
1306544
1306526
1300149
1306987
1300020
1304953
1301503
1309408
1306303
1300327
1301060
1302213
1308730
1305090
1307184
1302798
1300423
1307681
1309764
1306625
1303497
1301015
1300649
1303938
1304681
1305450
1301751
1308291
1305614
1301699
1303271
1309855
1300861
1307358
1303724
1305328
1302572
1300714
1301514
1308045
1308238
1300671
1303612
1306904
1304104
1301405
1308351
1304089
1302994
1304249
1301855
1307212
1300430
1306620
1303617
1300846
1303771
1304954
1302132
1303372
1303093
1304520
1308655
1306213
1308466
1308044
1308414
1302665
1304966
1302482
1303685
1302046
1303652
1300564
1301962
1300481
1309061
1307308
1305022
1305331
1306916
1309204
1301103
1306285
1306531
1307705
1306327
1301822
1305329
1303446
1308792
1302909
1303395
1307685
1309754
1303930
1300700
1308418
1306592
1304860
1300533
1308081
1302261
1303601
1300195
1302654
1303320
1300786
1304958
1305558
1307369
1307848
1307299
1307422
1301831
1306192
1307752
1308391
1308533
1303639
1306596
1308509
1301217
1300662
1303431
1300170
1302226
1301837
1306843
1303600
1302758
1303138
1302371
1303046
1303815
1302530
1305497
1306474
1307828
1309211
1301502
1302254
1302292
1306448
1303387
1308947
1300893
1300591
1306607
1301706
1306660
1304675
1301678
1300531
1301847
1308785
1301111
1304791
1303907
1305465
1301434
1302682
1303341
1309375
1307832
1306836
1306744
1305922
1301423
1307454
1301033
1302673
1301617
1303209
1303961
1308213
1303054
1304605
1303521
1309284
1301909
1307207
1301421
1301037
1304695
1304508
1301412
1301796
1305207
1306421
1307716
1308636
1307579
1307259
1309524
1301118
1308143
1303234
1307559
1308332
1301194
1301835
1302618
1309079
1301009
1305189
1309072
1300124
1301213
1309179
1306066
1303052
1303834
1305993
1302578
1309047
1306042
1301487
1307669
1305294
1306880
1305946
1309093
1305755
1307446
1309975
1301672
1306875
1307867
1309008
1301695
1303979
1306464
1307818
1303934
1301193
1301789
1300842
1307658
1308683
1301353
1307155
1307113
1303430
1304030
1307275
1303415
1308410
1301355
1301657
1309693
1305467
1304323
1304918
1305407
1301025
1302695
1304342
1308938
1304418
1304557
1305730
1308861
1302610
1309733
1301800
1304348
1303064
1300653
1305390
1303173
1305741
1301596
1307641
1306492
1302561
1305059
1305214
1308380
1304229
1305727
1303697
1301222
1309166
1300648
1304289
1303777
1302441
1309500
1304301
1301437
1307110
1302955
1301017
1305995
1303622
1306980
1302364
1301371
1309404
1306641
1302455
1301619
1304214
1302219
1309698
1307663
1309666
1309160
1308180
1308689
1301430
1300030
1305602
1301613
1305225
1302255
1301069
1309457
1300413
1306985
1302526
1307845
1300605
1309998
1309873
1302027
1304787
1306629
1300523
1304823
1303630
1304436
1309218
1309178
1300415
1308468
1300838
1301228
1308664
1304687
1302809
1302080
1300670
1308329
1300450
1307797
1302117
1307392
1304699
1301332
1304015
1306939
1301458
1301498
1304381
1305275
1303012
1306178
1301372
1307487
1309279
1300919
1302646
1303838
1300364
1300325
1309535
1303370
1305830
1307740
1308615
1309939
1309407
1309452
1307345
1303595
1308746
1305346
1301107
1301848
1309344
1303330
1306074
1306218
1301292
1302324
1305281
1309624
1308303
1309323
1306289
1301311
1308212
1305304
1302592
1305488
1309879
1306231
1302522
1301162
1307810
1305076
1301147
1300588
1307424
1309905
1301710
1300254
1302794
1305199
1302979
1304127
1303042
1300898
1304246
1305984
1302123
1304529
1302661
1304307
1304951
1307635
1304810
1302755
1300300
1304258
1307305
1301537
1304623
1304049
1308277
1301729
1300083
1300971
1301674
1305142
1304135
1305516
1306547
1308700
1306376
1304088
1302591
1303760
1305054
1302503
1306723
1302333
1309379
1309539
1308747
1302780
1303946
1302317
1309598
1306623
1305493
1303653
1309741
1300444
1304109
1300318
1306270
1303108
1307904
1300703
1308844
1302438
1303757
1300097
1306509
1305717
1302888
1303208
1307770
1300075
1300866
1302791
1306163
1304502
1305543
1300820
1302605
1301814
1309046
1308316
1301230
1306297
1303811
1300472
1302735
1302981
1306658
1307423
1301390
1301515
1305156
1301471
1303155
1302616
1301894
1307878
1302759
1304837
1306238
1300441
1304283
1305468
1300686
1307140
1300012
1300875
1307682
1302462
1301652
1307823
1308244
1301806
1302631
1300517
1300800
1306671
1300894
1304992
1306513
1306097
1300616
1306080
1304536
1300145
1300979
1307154
1304892
1300927
1309622
1309890
1301187
1301934
1309640
1301575
1309430
1306029
1306470
1308365
1304208
1301089
1302964
1304086
1301629
1309986
1304389
1309976
1300429
1302720
1308336
1305797
1308152
1300264
1302736
1307700
1304078
1304719
1309633
1301720
1302172
1304277
1301468
1304092
1303710
1302374
1306424
1302581
1302594
1302366
1303458
1308301
1300109
1309092
1300565
1307234
1301115
1300015
1308649
1306586
1308604
1300828
1300859
1309674
1306506
1302562
1301333
1307725
1304056
1305056
1303056
1308205
1307613
1303353
1304825
1301417
1308726
1302856
1302515
1302158
1304176
1306299
1304178
1303467
1306500
1302633
1308576
1301067
1308807
1306100
1305675
1302318
1300091
1302468
1302251
1308242
1304980
1302666
1301289
1301883
1305567
1309275
1306834
1306395
1305285
1309360
1307138
1302430
1300515
1308027
1302410
1307134
1303776
1306952
1304978
1302680
1306345
1301161
1301997
1303203
1302322
1302352
1301071
1301762
1309908
1308943
1301343
1300482
1308737
1309859
1300815
1306742
1300712
1301150
1303888
1305672
1305464
1302969
1308040
1305846
1309656
1301917
1309233
1307386
1300284
1309600
1303381
1304206
1304184
1304694
1309259
1307548
1306761
1302099
1306071
1301172
1304516
1308153
1309120
1302586
1304842
1301341
1303038
1309918
1304788
1307453
1302418
1309605
1306998
1304901
1302041
1305656
1306278
1300060
1306692
1309403
1306528
1301321
1304394
1301381
1308970
1308830
1300147
1309949
1305020
1309869
1309982
1300889
1301165
1305492
1308228
1307174
1301726
1307736
1306302
1302700
1304899
1301220
1303159
1302429
1305356
1308295
1304882
1302925
1303277
1308860
1300405
1305835
1303226
1306025
1301049
1303943
1300398
1307351
1304016
1301163
1309829
1300375
1300439
1302448
1308453
1305123
1309252
1300367
1307367
1300561
1300035
1308319
1307220
1306166
1308478
1304956
1300171
1302691
1303492
1306756
1306835
1306312
1309967
1308629
1300061
1301339
1303461
1304724
1301480
1302192
1306992
1301509
1301694
1305933
1309784
1301679
1300258
1307057
1306684
1304440
1309762
1302398
1304239
1305224
1300117
1300991
1308207
1304555
1304608
1301532
1309244
1302521
1300763
1309297
1301903
1300105
1308059
1303922
1309691
1305088
1303333
1304716
1308991
1305074
1309926
1301734
1301240
1303394
1309342
1302545
1301974
1305898
1307583
1307193
1308322
1300078
1303534
1300453
1307241
1300084
1301871
1301544
1304140
1308371
1301541
1302296
1309749
1305886
1303061
1307301
1300731
1307181
1307816
1308735
1303094
1306937
1300906
1300744
1300426
1304111
1308147
1303471
1308110
1300011
1304761
1303556
1302579
1300460
1304651
1303871
1303902
1305530
1308424
1303212
1306901
1302751
1300113
1304615
1306358
1305222
1307054
1307166
1300054
1301215
1302549
1305749
1301590
1303817
1301373
1307191
1309930
1301261
1308578
1301022
1307059
1303027
1304880
1307290
1307245
1308546
1301438
1309584
1306054
1307869
1307738
1303051
1305336
1302900
1308211
1303289
1303968
1303735
1308895
1305725
1309298
1309240
1305096
1303101
1308819
1309257
1302411
1303609
1302344
1302242
1301987
1309498
1309835
1300831
1303230
1308814
1309881
1300947
1303680
1309562
1309821
1305745
1307372
1307962
1301709
1302032
1307587
1301323
1300764
1300335
1305726
1303020
1308907
1300421
1306159
1302911
1302066
1309186
1301382
1306253
1305121
1302584
1301441
1307617
1309736
1306702
1303831
1308711
1301739
1306339
1302004
1302980
1305218
1305653
1306768
1308073
1309943
1307831
1300328
1305761
1305814
1304298
1303532
1308112
1301820
1304063
1305857
1306389
1307768
1304593
1306173
1306386
1309566
1306725
1306031
1308388
1305164
1305212
1303530
1304759
1300751
1303327
1302445
1302356
1302701
1304967
1308056
1307834
1300563
1300962
1309927
1308399
1300157
1301554
1301960
1305458
1304172
1303213
1302236
1301868
1300899
1305357
1302390
1302659
1302550
1301296
1300788
1309012
1305259
1306141
1307486
1307251
1306651
1309851
1309971
1306152
1304375
1309461
1305069
1301180
1307213
1304591
1304534
1302855
1302710
1306806
1301803
1302065
1303808
1301889
1304179
1305950
1302982
1300263
1304103
1305453
1305280
1308808
1309846
1308156
1302637
1304604
1305590
1304900
1307035
1304743
1303283
1308832
1308987
1301125
1303188
1308642
1301576
1306426
1306095
1301564
1308801
1300470
1300356
1309033
1302747
1301737
1302194
1309765
1301297
1308765
1307066
1300212
1304210
1301113
1304188
1305402
1304741
1309214
1300803
1300407
1303473
1306610
1309823
1308188
1307260
1305247
1307566
1304352
1309903
1307104
1303874
1301543
1300201
1300355
1301046
1301765
1309423
1308183
1307040
1309513
1303727
1303499
1303086
1307262
1309973
1306975
1305475
1304174
1300610
1300112
1308298
1306829
1305451
1301342
1309266
1306338
1300903
1304522
1304465
1304122
1308661
1307762
1301086
1306325
1302235
1308229
1302984
1302906
1300329
1301131
1304785
1301886
1301913
1301506
1309100
1300174
1306851
1307398
1304304
1304247
1302520
1302722
1306978
1309647
1305680
1308470
1303194
1309020
1309326
1304816
1308596
1309627
1304123
1305678
1303489
1300554
1307505
1301968
1301186
1300235
1303974
1306637
1307739
1308455
1304798
1301654
1304217
1303312
1307572
1304767
1303618
1303806
1308428
1302974
1302871
1303280
1303884
1300745
1300709
1301869
1306889
1304446
1303493
1308499
1301253
1307734
1300303
1305027
1309904
1303193
1303598
1303076
1306026
1302073
1308843
1300742
1307875
1304948
1308503
1302541
1303952
1300002
1308189
1309738
1306420
1307295
1302679
1306356
1300689
1301291
1305973
1300629
1300292
1308912
1304213
1300626
1307142
1301545
1306564
1300587
1301259
1307977
1308893
1304985
1308199
1303432
1306887
1301648
1308218
1306950
1300854
1301662
1309387
1305801
1308996
1306457
1309631
1302293
1308401
1305049
1306595
1307708
1301573
1300551
1301852
1307349
1300777
1306645
1306475
1300632
1303873
1307840
1308065
1303183
1307360
1309122
1309152
1305032
1308558
1307405
1307195
1300772
1305227
1301329
1303152
1307524
1300461
1309992
1307943
1308292
1309169
1302489
1308011
1305140
1302282
1309378
1300411
1303520
1307986
1304666
1309807
1304533
1301562
1309864
1305847
1307758
1305441
1301513
1305141
1301098
1305695
1300715
1305849
1304879
1301995
1302305
1301038
1303123
1301099
1300310
1308434
1309185
1307434
1302160
1309665
1302838
1301404
1303236
1305490
1304597
1301639
1304004
1304805
1303511
1306553
1300471
1303465
1300771
1302466
1305485
1301225
1305921
1301862
1304076
1307781
1305187
1302307
1308952
1300620
1301686
1306353
1307165
1308037
1304464
1302285
1302443
1308080
1305521
1303376
1306587
1302321
1307240
1300339
1300895
1304134
1300698
1300880
1308597
1302608
1308679
1302388
1306403
1303765
1309732
1308178
1303420
1308495
1306703
1302836
1303161
1307056
1309389
1304333
1302770
1301145
1308220
1303442
1300164
1308691
1305181
1307272
1308126
1302233
1309410
1308001
1300065
1306073
1303868
1303245
1306810
1309781
1303385
1303619
1303785
1300600
1308924
1302547
1301935
1305999
1308115
1306716
1301605
1303560
1306407
1301940
1308877
1301636
1304727
1304548
1308013
1304194
1300696
1307065
1307638
1304449
1302286
1308356
1307900
1302185
1309238
1307876
1301843
1309303
1305111
1301791
1309550
1307431
1302574
1300479
1303239
1301523
1300454
1306584
1302365
1300512
1302612
1301335
1301055
1303246
1309826
1301460
1308123
1304257
1309074
1306320
1300397
1309509
1305959
1302197
1308087
1304817
1305284
1304406
1300349
1300504
1304084
1305813
1305566
1303478
1306275
1304410
1303409
1308802
1306176
1308559
1305669
1300716
1309868
1303342
1302008
1302303
1301875
1309228
1309810
1303987
1305783
1300722
1300247
1301983
1303487
1306010
1305983
1305600
1303206
1305509
1301735
1301782
1308882
1300601
1305154
1308283
1309984
1308100
1307199
1308394
1308337
1304306
1305303
1302767
1304963
1300816
1302168
1306796
1302284
1308605
1306369
1304645
1309346
1303768
1309441
1305195
1303742
1306727
1307677
1300904
1301836
1309721
1309301
1306853
1304682
1306705
1303892
1304411
1305120
1309571
1303718
1306677
1300128
1303982
1300589
1303491
1306041
1305523
1307094
1302775
1304684
1303112
1308008
1305513
1308167
1301696
1302647
1307545
1307944
1307917
1306427
1303474
1309891
1304622
1301059
1300211
1301029
1300652
1304664
1308210
1307125
1308648
1300855
1301254
1301495
1308249
1308488
1304079
1300917
1300869
1300373
1308951
1308891
1306477
1300218
1309639
1309858
1302753
1306122
1302642
1304162
1302003
1300340
1304417
1302200
1309960
1308662
1300004
1306673
1306348
1306964
1304639
1307928
1301491
1308719
1305934
1303180
1300545
1307379
1300277
1306498
1305322
1303688
1305987
1304221
1308621
1305345
1302231
1303636
1302868
1305309
1302555
1300578
1303644
1300123
1308902
1300951
1306954
1306000
1304815
1302097
1304542
1303459
1308004
1303585
1303510
1308809
1302731
1307521
1308797
1301422
1304432
1304119
1306398
1309397
1304994
1304069
1303291
1304515
1304444
1307438
1301179
1308018
1302101
1303908
1304861
1306273
1308825
1308217
1304752
1307723
1305565
1305095
1307990
1304596
1300802
1304035
1309586
1307332
1309163
1309580
1303002
1301745
1307047
1301267
1305368
1300343
1305568
1304971
1302121
1305631
1304012
1300719
1308245
1306414
1307959
1304952
1307800
1301794
1300549
1308486
1309830
1304945
1308962
1306001
1308232
1301781
1303666
1303231
1305293
1305843
1300575
1305989
1303586
1306991
1305897
1309678
1300237
1303814
1309714
1300583
1308799
1302966
1301565
1301578
1304330
1301764
1303839
1305860
1304828
1307631
1300146
1308231
1309708
1305139
1304826
1305854
1306251
1309767
1305398
1309025
1307894
1304458
1309132
1301084
1300937
1304155
1309112
1307796
1309743
1304391
1307870
1308088
1308235
1308669
1300634
1300560
1309468
1306014
1304853
1306012
1304190
1306613
1301914
1303818
1302104
1305964
1303269
1300876
1305722
1302037
1307296
1304806
1307704
1302912
1309084
1305168
1300419
1308051
1302216
1305818
1309315
1303379
1303696
1307573
1304751
1309312
1306602
1301553
1307956
1301238
1303001
1307033
1301534
1301539
1301531
1301244
1307131
1307991
1308506
1302330
1301076
1308490
1307508
1305913
1301615
1307861
1302057
1305774
1309164
1304765
1305434
1306943
1306674
1304511
1307148
1309386
1307805
1307485
1307316
1301469
1307976
1302069
1307811
1303099
1309116
1306921
1308258
1309866
1302001
1304554
1301207
1302483
1309249
1304485
1300464
1309603
1307667
1306850
1308786
1308276
1302403
1306118
1301197
1306408
1302527
1302149
1307614
1301884
1308000
1307849
1309005
1301606
1307633
1305131
1308223
1306401
1306212
1306619
1302528
1303238
1305592
1305524
1305747
1300613
1306866
1303222
1307721
1307855
1305575
1309059
1308086
1300732
1305510
1305395
1304513
1300010
1303840
1301754
1304010
1309791
1304630
1300236
1306040
1302071
1302883
1301352
1304001
1305518
1309133
1307098
1301969
1309703
1305637
1300956
1309215
1306877
1303819
1301951
1307576
1308309
1303287
1301058
1303913
1304439
1309875
1307509
1303675
1300142
1300757
1304349
1309947
1301280
1303528
1304251
1303577
1309103
1301486
1300789
1306933
1303166
1308521
1305479
1309635
1308634
1307318
1304261
1304128
1300032
1302774
1309239
1302280
1303533
1301621
1306869
1309098
1307258
1305239
1307328
1300152
1300311
1308776
1307815
1301504
1302694
1304848
1304403
1304241
1301954
1300257
1309711
1300038
1306672
1304983
1308547
1303635
1302902
1308534
1307896
1302740
1301780
1304317
1304473
1308439
1303517
1305201
1301556
1309559
1304895
1300559
1306052
1300079
1301357
1309167
1307821
1308196
1307558
1308444
1306132
1302106
1304839
1303985
1309573
1305514
1301198
1304315
1302228
1308364
1305743
1308402
1305338
1308974
1301126
1304256
1300496
1300133
1302859
1300623
1303557
1306687
1301670
1309773
1300161
1308036
1303010
1303933
1304236
1300993
1302361
1301959
1308988
1304409
1309507
1308106
1303498
1307370
1307680
1303441
1301748
1302269
1300315
1300301
1301991
1308393
1304869
1304040
1308483
1302495
1303895
1303611
1300485
1302264
1305705
1303610
1302820
1308616
1304836
1302643
1302670
1305506
1301725
1305649
1307011
1306858
1302754
1304740
1308192
1309616
1301510
1308085
1301326
1302376
1307585
1306409
1300635
1300210
1305289
1307005
1303822
1309199
1300370
1303956
1303855
1301160
1303129
1307679
1309887
1302645
1307955
1309614
1308618
1304445
1302111
1305667
1300187
1305262
1301446
1309299
1306441
1302927
1305789
1300867
1309424
1309594
1308858
1305955
1303303
1306282
1304392
1308454
1308704
1303955
1301732
1309769
1306542
1303433
1309489
1302171
1309593
1305693
1300873
1307872
1306713
1308705
1305008
1302178
1302300
1307223
1303456
1305000
1303033
1305078
1306393
1300193
1306786
1301250
1306164
1305397
1305601
1300783
1308496
1309243
1305894
1305732
1308373
1309442
1300807
1307121
1309972
1306114
1300645
1304913
1306186
1309049
1306983
1309793
1304302
1302247
1303958
1308105
1305420
1305648
1306473
1307344
1300371
1301279
1307380
1300019
1300540
1308543
1303290
1305943
1305953
1302029
1303827
1306936
1303698
1302033
1306367
1308330
1303927
1309283
1303275
1309617
1307735
1304434
1304732
1304746
1304334
1301628
1301249
1307079
1305366
1305353
1309040
1302079
1309320
1308856
1307858
1303332
1304383
1309068
1307015
1301398
1305017
1306454
1303646
1306774
1307774
1309158
1309780
1305547
1307249
1303658
1309172
1300346
1301255
1302764
1307185
1301555
1306837
1307601
1303877
1302615
1302505
1309862
1307966
1307048
1305159
1300070
1304835
1306291
1306634
1309898
1302715
1303708
1303457
1308795
1302639
1308587
1308432
1300961
1305023
1305114
1305912
1309717
1306200
1304263
1308216
1306479
1304764
1309427
1306240
1309963
1306759
1300584
1301285
1302446
1301770
1309883
1301209
1307684
1309373
1303316
1306435
1300705
1309220
1301608
1306848
1305517
1301320
1307164
1305927
1306153
1305388
1301979
1301457
1303723
1307414
1307406
1302509
1302335
1307643
1305419
1302480
1300306
1304723
1303684
1306624
1307517
1308633
1309563
1303772
1306381
1309002
1304795
1304180
1304039
1305498
1307002
1305327
1300007
1302122
1300028
1300711
1304226
1305979
1308017
1304271
1303365
1302018
1303214
1301169
1302384
1303918
1306005
1305824
1308350
1305746
1307219
1304946
1305573
1309001
1302359
1305646
1309847
1307310
1309872
1307640
1305013
1300307
1302885
1305914
1303580
1307778
1300891
1306839
1303281
1308612
1307879
1308233
1305324
1304893
1304944
1302814
1305820
1308930
1306805
1301500
1303686
1305165
1302704
1309542
1303951
1303523
1306701
1302127
1300562
1308409
1303354
1301085
1308871
1308586
1308538
1304834
1306467
1307282
1302357
1309467
1304583
1301741
1309530
1304589
1303904
1308854
1301337
1300897
1300707
1301832
1305908
1300779
1300912
1301618
1301923
1301538
1304574
1303826
1306446
1304706
1300668
1306296
1302575
1307286
1300814
1302556
1302932
1300621
1303411
1306162
1300127
1300125
1301988
1309064
1301955
1301742
1308798
1300191
1306286
1308865
1308544
1302564
1300743
1307923
1309354
1302425
1303347
1309954
1309197
1302917
1308920
1307413
1304202
1308030
1301087
1307324
1302316
1302713
1305208
1301196
1300782
1303210
1300351
1302222
1306112
1305899
1307567
1309078
1300804
1305150
1306239
1302543
1307582
1306436
1301650
1301418
1307909
1303197
1305438
1306309
1302879
1303040
1303842
1304509
1307315
1304868
1304561
1303181
1309989
1309742
1304332
1308834
1307871
1300244
1305320
1304041
1305240
1304313
1301660
1301450
1308484
1304526
1305138
1302012
1306574
1306170
1301201
1307114
1308739
1302385
1306554
1301888
1308820
1306497
1308361
1308653
1304959
1304867
1306244
1302641
1307978
1306067
1301856
1302059
1304270
1300958
1303864
1301051
1306778
1309471
1309255
1302765
1302636
1305462
1302454
1304314
1308869
1307407
1308305
1307689
1307097
1304430
1300636
1305537
1304043
1301264
1309267
1300297
1308076
1308094
1306003
1307697
1304234
1302684
1300487
1302634
1306180
1306787
1303862
1306579
1308239
1302259
1302272
1307953
1305844
1300230
1309910
1308266
1307480
1305414
1306632
1301485
1307361
1304425
1300710
1300215
1302210
1301718
1308091
1304235
1301008
1304640
1306418
1308075
1301736
1303447
1306373
1308606
1302471
1308355
1308222
1306315
1301703
1305888
1303170
1308473
1307611
1307536
1302690
1308160
1300064
1305445
1306048
1304209
1307802
1303462
1302571
1306172
1309704
1304698
1307715
1306380
1300162
1304838
1307463
1308128
1303172
1309127
1307359
1307690
1307204
1300169
1302363
1307473
1303966
1300386
1300611
1307717
1308359
1306803
1301557
1304158
1309679
1305508
1301891
1308529
1302215
1302934
1302913
1309384
1302601
1301989
1307696
1307302
1307183
1305998
1301124
1308595
1303640
1304984
1300448
1300094
1301379
1304885
1303069
1309177
1302926
1302423
1301642
1306859
1300222
1301925
1300332
1304320
1304993
1304702
1304674
1307355
1309347
1309899
1308838
1302277
1304224
1300651
1303977
1304156
1303438
1301019
1300168
1300759
1300598
1300980
1306601
1307499
1307069
1308710
1307141
1301135
1306844
1308248
1305662
1300785
1305192
1309048
1301122
1306246
1306847
1309621
1301552
1309437
1306138
1303726
1309740
1301663
1306056
1309076
1306039
1308512
1303976
1303789
1309839
1304507
1300500
1306224
1308611
1309488
1304609
1305143
1308168
1308696
1301368
1305674
1307754
1308170
1306459
1300344
1305668
1303140
1307760
1304488
1308162
1306865
1305772
1308960
1300437
1307020
1305985
1301090
1305742
1303135
1306640
1304242
1308966
1302439
1301097
1305396
1307321
1302558
1307934
1305882
1305375
1300424
1300833
1308617
1307030
1302996
1307283
1306024
1301591
1304420
1305221
1304387
1309613
1308020
1309734
1301242
1308563
1300638
1302465
1307394
1301711
1307428
1302354
1308344
1301109
1306741
1309295
1309572
1304650
1309253
1300458
1308299
1306232
1300994
1304873
1304606
1304397
1307874
1305220
1303065
1308219
1303185
1309114
1303361
1300585
1301044
1303350
1300741
1300944
1306268
1307673
1305676
1305442
1306143
1303254
1306242
1309564
1309234
1303978
1308072
1307820
1308019
1300120
1303503
1304581
1302557
1305003
1302923
1304085
1300155
1306501
1301635
1306295
1304426
1304115
1303953
1303121
1309383
1302145
1300228
1305802
1308405
1309200
1303750
1300768
1307597
1307087
1304607
1302329
1309912
1305689
1309867
1300992
1307216
1303959
1307466
1306375
1304065
1304797
1306496
1307711
1306383
1302818
1305533
1302061
1308457
1306017
1306929
1309637
1305966
1300599
1305012
1309625
1308579
1302383
1307187
1307294
1307995
1302137
1304037
1309250
1309395
1305527
1300192
1309029
1301146
1303784
1309680
1305067
1301731
1309294
1307227
1300790
1304061
1301100
1306994
1309052
1302116
1308053
1303741
1300761
1308445
1305101
1309208
1301030
1301214
1304321
1305585
1308408
1303444
1302379
1305512
1305690
1303642
1303062
1306676
1307898
1309125
1301746
1309050
1306165
1301178
1304007
1301680
1300901
1304578
1307507
1305796
1307410
1301152
1303437
1303566
1308672
1307458
1304710
1304296
1303366
1305630
1303455
1306780
1305754
1308574
1303896
1308241
1302622
1303323
1302070
1308673
1305001
1304026
1307788
1302345
1302394
1309085
1309351
1303559
1307651
1302986
1308097
1307528
1304019
1304670
1308981
1301760
1308682
1308063
1300986
1303187
1304822
1300280
1301646
1300239
1305556
1305595
1304541
1302721
1309140
1303880
1306735
1306068
1307468
1305248
1307905
1302068
1305334
1300946
1301783
1303693
1303053
1306116
1302511
1300395
1303217
1303014
1308215
1304421
1300062
1309946
1303211
1301018
1308285
1301749
1308246
1300122
1308502
1304663
1305370
1308738
1309388
1302237
1302834
1305731
1304531
1305686
1309557
1307608
1308166
1307852
1302484
1303262
1305794
1306511
1307825
1309088
1304769
1300058
1307265
1306827
1303805
1302023
1301080
1302086
1302025
1308169
1306560
1300966
1304018
1302419
1302323
1300972
1303592
1302250
1301346
1304166
1302985
1306956
1303795
1300270
1305640
1303293
1302746
1303306
1309852
1302476
1304565
1308873
1303787
1303013
1306912
1309146
1308398
1300524
1301632
1308694
1307442
1302890
1304182
1306486
1303356
1303147
1301401
1300882
1307052
1306734
1301079
1303965
1301149
1301508
1301042
1303175
1305312
1308853
1309511
1307244
1305306
1300799
1307783
1304042
1302239
1301866
1306631
1305540
1306245
1303364
1301062
1301095
1300581
1308986
1304032
1307907
1301216
1300736
1300118
1301816
1303125
1301779
1305863
1304343
1303403
1305870
1303655
1305432
1301188
1300770
1302724
1308632
1306227
1308158
1305625
1301459
1301809
1301496
1300795
1302217
1300412
1307812
1303920
1308429
1304102
1303060
1303950
1306260
1309343
1309978
1308449
1300021
1303393
1305936
1309832
1309225
1301229
1309353
1308264
1303078
1306527
1300043
1309358
1301967
1302276
1304195
1300647
1307604
1308431
1304013
1305439
1304647
1307877
1302854
1305969
1307036
1301519
1306453
1302865
1303550
1305308
1300432
1303734
1309636
1303770
1304165
1300720
1307720
1304521
1308237
1303939
1305652
1302928
1307924
1309751
1306822
1304429
1308992
1306324
1304847
1304781
1304095
1302211
1309528
1301391
1303925
1304475
1300693
1304567
1306832
1309833
1302105
1300907
1301385
1300915
1300577
1304697
1304077
1302858
1302193
1306522
1304147
1306416
1306363
1301526
1306206
1306155
1308772
1300762
1309670
1306974
1306689
1300793
1304254
1306016
1302898
1308474
1303237
1309260
1309245
1302218
1304062
1308198
1309492
1301298
1301474
1308120
1305473
1309273
1305526
1300721
1306628
1302435
1303216
1307027
1307883
1302464
1308583
1308254
1307461
1300068
1309503
1309937
1309381
1303328
1306989
1302554
1308969
1300103
1303850
1300514
1306390
1307373
1309058
1306188
1301054
1305172
1306129
1305784
1304550
1305277
1300528
1300031
1305622
1308855
1307449
1306257
1305759
1306775
1301975
1300510
1303321
1302224
1306468
1301671
1302182
1308148
1304872
1306934
1305534
1301464
1309129
1304733
1305361
1305571
1305712
1306332
1301887
1304871
1301129
1300914
1301584
1309464
1307153
1303378
1303059
1305762
1305460
1301704
1302074
1308585
1307701
1306540
1304487
1307586
1301597
1305162
1303654
1300294
1307083
1303359
1306276
1300627
1304463
1309924
1305773
1304660
1301380
1309415
1308667
1301448
1300017
1300537
1305975
1307116
1308681
1300369
1309936
1300153
1303133
1303443
1304924
1307162
1300792
1302180
1304903
1302806
1307657
1301616
1301233
1304621
1304437
1301511
1306906
1304814
1307916
1300594
1306221
1303301
1309139
1301501
1307656
1303310
1305598
1302535
1308805
1303633
1300877
1302884
1303691
1301397
1303460
1307844
1308919
1300172
1300207
1309611
1303676
1307561
1306034
1301260
1301140
1301941
1303991
1301490
1304888
1306782
1303399
1304243
1304000
1308026
1304728
1302762
1309432
1306207
1306445
1302485
1305612
1300571
1303397
1302220
1303948
1301774
1308421
1301428
1301566
1300586
1306779
1302490
1301251
1309368
1309953
1304393
1305793
1307338
1304612
1303975
1306726
1303295
1309065
1301492
1306698
1302810
1306397
1301241
1306733
1308442
1302270
1301830
1304201
1303355
1307377
1301904
1302189
1306491
1301777
1307642
1308627
1301825
1305315
1302246
1308822
1302308
1307839
1307401
1309643
1303722
1300930
1302146
1302878
1305967
1300896
1308397
1305064
1309338
1305016
1302576
1307707
1306622
1302174
1308427
1303695
1300377
1309022
1304862
1303540
1303786
1305087
1300337
1307441
1303298
1308979
1306090
1303031
1305763
1303694
1302342
1309340
1304274
1302176
1307497
1303502
1301317
1302152
1309753
1304747
1303505
1306343
1302140
1300819
1308372
1307912
1308526
1305155
1300052
1305589
1306045
1308064
1303909
1303335
1302799
1303606
1301844
1309549
1303201
1308113
1301845
1305624
1303643
1308209
1307930
1308139
1300449
1307793
1301877
1306661
1302768
1300666
1308811
1306562
1307992
1304979
1303962
1301191
1306700
1300996
1303428
1308186
1301571
1300095
1301839
1300241
1304245
1303671
1307045
1304284
1309648
1300845
1301767
1302007
1301363
1306863
1309055
1302534
1307144
1303563
1302921
1309416
1302625
1300871
1307084
1303448
1303574
1305429
1303897
1304357
1309032
1309161
1304669
1308138
1305487
1305549
1302426
1302629
1301489
1307448
1307437
1309787
1309131
1309420
1307710
1304939
1308641
1305862
1302085
1300739
1305241
1301050
1306536
1308117
1305535
1305536
1300018
1300293
1303018
1308637
1309229
1304737
1304106
1301110
1304551
1303628
1303870
1304309
1304222
1305191
1306064
1307498
1307039
1304884
1302136
1304382
1302937
1303251
1309203
1301288
1303300
1305035
1309440
1306476
1306499
1307060
1308823
1307426
1309797
1309285
1307322
1308300
1306911
1309574
1302696
1309182
1306349
1306580
1300499
1309444
1300139
1308121
1304153
1305031
1301572
1309782
1301870
1307156
1301507
1301586
1304498
1309517
1303969
1302500
1306357
1308723
1303905
1308413
1308404
1300008
1305377
1301435
1305529
1301932
1308755
1305906
1300999
1303272
1302339
1300334
1302420
1305097
1300685
1301309
1303357
1304054
1300001
1302800
1304824
1304758
1306472
1303613
1302930
1305718
1309512
1308646
1305260
1301915
1302760
1308622
1305019
1308594
1305909
1303021
1302942
1307589
1301812
1306776
1305351
1305160
1303514
1304050
1301807
1309413
1309582
1306261
1306905
1302148
1303804
1303388
1308577
1308881
1308379
1306399
1306355
1306374
1309331
1305499
1307493
1301205
1300624
1307443
1305808
1304494
1305094
1308659
1308208
1304942
1309014
1300916
1306590
1305360
1306400
1307750
1302196
1306185
1300932
1307023
1306873
1303788
1308494
1300316
1307335
1300926
1308050
1300609
1309377
1302190
1306753
1308699
1301035
1307462
1307789
1305376
1306160
1309450
1305812
1309198
1309772
1300234
1300832
1301900
1303079
1306197
1305981
1302960
1306133
1306633
1301730
1304099
1306644
1303068
1302129
1300851
1309159
1301558
1303391
1306483
1308709
1300359
1306128
1306679
1309336
1304576
1309223
1307068
1301858
1301310
1306732
1304414
1301334
1306354
1307180
1309955
1304346
1301075
1305617
1304286
1307881
1305907
1305242
1302831
1302164
1309628
1307728
1301821
1304653
1303988
1308306
1307687
1304034
1303667
1301829
1305352
1303011
1303418
1300756
1308630
1307853
1309861
1308677
1306404
1303025
1306167
1306932
1305041
1307987
1302763
1308937
1301175
1300725
1304087
1304326
1301003
1309752
1309522
1308748
1302479
1301120
1300684
1304961
1300868
1303541
1303346
1303543
1307532
1303538
1301549
1308550
1305615
1305226
1309216
1304600
1302154
1300881
1307627
1300555
1304113
1300724
1302945
1301559
1306852
1301930
1302147
1309827
1304492
1307714
1304722
1306797
1306151
1301599
1307780
1301433
1302712
1302501
1304874
1300959
1306093
1302230
1307309
1303223
1301348
1304281
1301990
1304656
1309361
1303024
1303317
1306882
1307151
1305105
1304894
1302201
1304491
1307777
1308591
1306361
1304673
1305209
1303602
1302353
1305071
1302373
1304121
1300989
1304248
1307520
1306018
1306957
1305234
1302157
1309355
1307702
1304950
1300760
1300108
1302716
1300672
1305766
1307542
1301021
1304008
1302998
1301208
1308460
1300667
1304482
1301043
1305986
1307771
1300874
1308535
1306184
1304678
1300708
1302481
1301096
1306729
1307512
1304519
1308527
1306195
1304136
1303681
1301432
1306642
1308731
1306370
1301521
1301218
1308131
1303910
1305456
1307019
1308273
1308628
1303753
1306322
1305144
1304636
1307091
1301210
1305884
1304562
1306234
1305174
1303650
1308352
1307024
1300056
1300691
1301627
1306013
1304268
1305980
1302905
1307942
1306267
1304415
1300107
1307662
1300243
1300273
1302150
1309831
1308047
1309964
1300503
1302514
1308071
1309595
1305379
1301649
1302941
1303311
1302042
1302252
1308177
1302870
1302010
1301014
1308479
1303539
1300975
1302271
1308608
1301443
1300974
1309977
1302950
1304553
1302362
1304376
1307206
1305829
1304272
1304189
1309820
1300536
1308250
1300811
1309756
1304227
1308892
1309287
1302611
1308061
1304986
1302325
1306946
1300535
1304757
1300431
1301257
1303759
1301936
1300726
1306341
1301712
1306417
1300825
1309472
1302538
1309877
1303255
1304549
1301861
1300527
1302458
1306292
1307368
1302415
1308732
1306909
1301455
1300134
1303854
1309327
1301138
1301685
1303689
1304537
1300534
1302802
1308187
1304949
1303823
1300225
1309818
1306841
1309496
1306993
1307602
1304452
1303883
1308261
1301360
1302195
1303971
1302943
1307791
1309804
1303453
1308163
1309280
1306940
1304610
1301392
1305616
1306148
1306724
1308221
1308847
1300167
1303369
1305318
1306198
1300508
1302978
1309529
1301226
1300491
1302795
1303095
1300101
1300857
1302692
1304613
1303994
1303607
1302749
1309262
1301961
1301522
1304680
1305750
1304774
1305767
1306387
1308438
1301012
1306591
1303390
1305422
1303337
1301569
1307744
1304707
1302743
1304692
1304890
1304619
1302689
1309673
1306573
1307006
1300408
1309181
1306033
1304543
1307194
1308994
1304469
1304138
1307489
1307331
1309341
1309374
1309991
1305122
1300285
1305436
1308963
1302473
1306968
1306714
1301824
1308849
1306087
1303761
1309043
1300692
1301593
1308567
1301568
1302078
1308062
1305691
1308118
1307435
1302453
1302291
1309324
1302948
1305865
1302391
1306102
1307603
1309024
1300406
1308609
1307067
1303712
1307691
1306329
1308863
1308956
1306311
1307675
1302021
1305673
1307303
1307609
1303745
1309333
1309850
1309541
1305559
1306226
1305613
1309083
1302539
1304264
1304145
1301052
1305658
1300197
1300385
1302512
1305409
1309988
1305408
1302769
1308055
1308845
1308666
1300984
1302738
1303900
1300042
1309390
1307000
1302295
1305264
1302662
1307999
1301592
1300119
1304378
1309003
1307503
1309583
1305127
1302624
1303016
1302198
1307232
1306809
1309789
1306935
1304493
1306699
1303816
1308530
1305544
1309195
1305694
1301431
1302026
1306280
1309996
1309010
1308525
1302540
1309822
1300338
1308252
1305355
1302351
1302232
1300968
1308840
1303204
1302652
1308161
1304789
1301714
1303869
1304149
1303302
1301132
1307254
1305744
1305104
1302009
1301841
1301294
1306990
1308382
1309458
1308714
1301976
1301453
1300130
1303157
1305968
1304003
1309697
1301408
1300348
1302477
1306920
1302244
1306730
1309761
1308193
1307588
1308321
1307120
1308651
1304290
1303915
1308259
1306051
1300221
1302014
1309799
1300852
1304163
1307416
1307668
1309261
1306962
1300965
1302732
1307228
1302771
1305603
1309400
1301540
1305816
1304399
1306681
1301164
1309602
1303500
1309848
1308944
1307274
1303565
1302537
1309723
1307921
1308124
1301155
1305252
1307785
1306098
1309515
1301273
1301300
1305457
1309475
1305928
1308923
1300451
1305926
1305545
1303115
1306801
1300260
1305068
1305421
1303261
1308032
1301579
1306670
1307961
1309788
1304161
1305541
1300774
1302091
1303522
1300259
1300226
1300438
1309783
1308922
1305629
1308740
1306525
1301142
1306236
1308561
1309130
1304228
1308942
1300580
1300214
1309194
1303435
1302124
1308029
1302910
1306819
1309726
1309313
1302437
1300548
1300041
1303225
1301473
1307727
1301121
1302088
1306876
1306874
1307099
1307382
1307713
1303472
1305692
1303711
1306678
1308663
1305250
1304318
1307235
1307009
1305496
1304240
1305153
1309906
1300132
1303360
1304925
1304642
1302563
1308821
1302953
1308556
1308879
1300701
1300076
1307256
1306686
1308260
1306094
1304904
1301119
1303043
1301546
1301057
1300098
1303876
1302315
1306384
1306969
1302593
1306855
1304915
1302904
1305720
1309888
1300374
1303494
1302697
1300005
1308948
1300026
1305279
1303319
1308122
1301986
1307932
1308396
1309555
1307947
1305871
1305960
1307859
1306181
1300606
1304125
1302513
1305607
1304151
1301286
1306924
1307678
1300702
1305696
1305381
1309328
1306333
1300048
1304571
1301801
1301282
1302546
1300232
1301303
1304300
1307756
1301926
1301583
1306366
1305538
1300443
1302552
1303796
1304435
1309357
1305569
1306896
1307938
1303423
1309445
1307511
1305890
1308722
1309254
1304014
1305039
1308703
1303967
1300935
1300409
1305148
1307997
1306259
1306209
1304148
1305173
1306886
1303004
1300295
1304907
1301752
1302714
1305151
1307692
1305828
1300088
1302275
1300331
1304573
1303083
1302970
1306538
1301922
1302422
1308520
1303641
1302568
1306860
1301413
1302181
1305823
1303945
1307719
1304923
1309332
1300304
1309945
1302847
1307981
1309849
1302016
1306147
1301683
1308381
1307809
1303657
1304371
1305764
1304186
1303558
1307231
1301427
1301061
1309942
1304373
1304055
1301394
1306788
1308406
1300674
1302864
1301701
1301905
1303990
1306028
1306715
1303036
1309609
1309393
1306340
1306305
1306659
1309308
1309108
1305137
1307712
1300238
1306563
1306254
1302087
1300106
1309569
1307400
1303156
1301708
1304540
1307819
1308290
1304058
1300379
1309724
1302893
1301349
1302399
1308528
1309774
1303288
1309311
1305194
1308280
1307593
1301063
1307850
1309170
1306219
1304829
1306996
1306336
1308983
1300809
1308326
1306588
1302162
1303452
1304006
1307352
1300040
1308297
1300952
1302991
1302667
1306466
1304081
1302288
1301330
1301237
1301184
1301436
1302542
1306799
1306833
1309417
1304821
1301171
1304197
1301795
1305611
1304339
1300573
1304460
1308082
1309015
1303821
1308870
1306449
1307188
1300532
1306046
1302050
1300865
1305924
1306664
1306549
1300013
1303322
1308243
1308500
1301141
1303637
1304969
1307620
1304341
1306405
1300556
1306821
1304676
1306794
1304693
1307076
1304359
1304628
1304634
1305340
1300506
1301305
1307200
1309019
1304036
1305643
1302183
1302199
1308369
1303477
1305463
1308014
1306347
1303981
1300879
1301411
1300276
1305231
1307225
1306654
1309426
1301622
1307384
1307429
1309922
1302815
1300511
1307201
1305735
1304975
1306704
1302613
1307946
1307806
1307215
1300361
1307356
1305938
1305632
1306194
1309422
1305177
1302632
1308385
1303594
1307124
1302262
1302990
1307565
1309959
1302872
1307436
1305503
1304167
1309681
1306127
1301840
1307767
1308202
1306895
1301271
1305005
1307745
1304909
1302496
1309619
1305006
1303844
1303318
1303891
1302241
1300955
1305341
1304083
1307430
1300490
1301024
1302055
1301324
1309418
1300639
1304688
1301689
1302343
1306897
1306156
1301823
1303279
1307571
1301483
1303807
1307513
1306942
1307607
1305948
1300067
1307893
1301561
1307945
1304852
1303572
1306594
1306379
1308644
1306766
1304624
1305215
1308074
1300655
1307029
1300256
1303885
1305387
1307722
1301702
1301369
1305310
1304968
1302733
1309900
1305576
1306824
1301359
1301949
1300208
1306518
1301761
1305358
1308492
1303699
1304633
1308702
1308340
1303160
1300892
1308787
1301078
1308760
1303932
1309985
1301965
1304859
1300154
1304324
1307622
1300810
1305519
1309322
1306854
1300081
1308693
1301756
1304169
1305410
1300557
1307255
1301136
1306215
1300680
1301277
1302954
1309668
1303893
1303149
1300046
1309232
1303466
1308098
1301919
1306669
1303192
1305319
1309115
1307753
1301316
1309792
1303325
1302440
1300266
1300381
1304917
1301634
1305348
1301456
1304072
1303604
1301723
1300878
1303240
1309854
1303363
1304250
1309117
1302130
1309508
1307570
1300661
1309054
1306011
1305687
1304100
1302604
1301688
1301386
1302067
1300780
1306402
1302072
1304617
1306765
1305025
1306736
1305867
1303308
1309007
1304771
1308077
1305560
1300114
1301304
1304878
1304303
1307506
1303352
1305091
1304713
1303731
1304875
1308176
1300754
1304193
1301879
1304905
1306004
1302047
1309798
1300115
1303102
1304870
1300592
1302151
1300368
1305994
1305274
1306577
1304022
1308514
1305182
1309597
1300298
1305604
1308052
1309454
1307026
1306495
1304855
1300290
1307502
1305282
1304328
1301123
1309929
1303813
1307837
1308281
1306552
1305257
1309737
1302935
1309599
1306928
1305026
1300384
1305587
1305302
1305045
1305004
1301224
1304080
1307804
1303783
1307041
1302951
1302081
1305500
1302369
1308498
1305610
1305430
1302648
1300309
1300579
1305992
1305942
1307366
1304025
1301600
1308426
1305038
1308908
1305132
1308833
1302338
1300478
1308227
1307287
1306382
1306842
1307243
1306504
1306044
1306368
1307676
1308302
1301810
1308803
1300856
1309451
1309657
1305183
1302044
1309364
1308465
1306520
1307128
1307246
1306694
1304916
1301106
1309469
1307639
1305531
1303825
1301202
1304116
1304535
1306521
1300066
1302348
1302657
1302745
1302976
1303267
1308226
1301550
1303504
1304500
1302457
1307339
1306105
1307172
1307250
1303545
1303256
1306169
1303404
1301102
1302915
1306223
1305528
1302734
1309192
1304023
1301874
1307581
1302687
1305873
1308197
1309970
1307383
1302103
1307325
1309925
1306981
1308142
1301799
1301177
1309757
1302582
1309477
1303205
1307534
1301924
1308779
1308759
1300261
1302965
1303570
1302730
1307935
1309630
1307014
1301290
1305079
1304490
1307007
1307599
1308452
1300006
1301860
1304198
1306695
1307847
1309483
1304897
1307313
1306077
1302676
1304896
1306871
1308311
1301647
1302144
1309701
1307334
1302644
1305925
1308890
1305685
1306149
1304481
1306187
1302587
1307908
1301790
1307965
1308654
1307772
1302400
1303087
1308154
1304308
1300740
1309034
1309952
1300843
1304183
1303733
1301970
1308487
1308658
1305258
1309675
1309066
1308048
1306965
1309466
1307032
1305703
1306583
1300938
1301451
1307432
1307501
1305866
1304408
1301488
1308770
1302723
1304677
1304652
1302958
1302467
1302784
1303705
1304655
1306514
1301301
1301374
1308656
1301811
1304792
1300417
1308712
1306752
1303422
1304124
1305448
1307238
1304856
1309465
1306298
1307190
1307757
1306697
1309493
1309414
1303702
1306158
1307160
1304603
1309533
1307539
1307034
1302268
1305272
1303490
1309391
1300163
1302938
1308949
1307864
1309035
1306923
1302304
1302683
1300400
1300223
1300000
1309460
1307636
1307267
1301477
1307476
1303861
1306589
1309307
1306755
1307983
1308600
1306867
1308464
1306885
1306423
1300568
1300177
1304483
1302163
1303792
1302595
1304260
1307237
1303091
1307829
1307196
1309951
1305682
1300463
1303451
1300473
1306530
1300151
1308333
1303058
1308598
1304840
1308441
1301484
1307177
1301602
1304293
1301589
1303019
1306575
1303852
1304267
1304582
1303863
1306154
1302298
1303090
1305618
1300286
1304212
1305367
1302013
1305698
1305941
1305211
1301643
1309731
1307471
1308928
1300781
1305337
1300053
1302660
1303663
1300092
1306519
1305699
1302349
1309652
1302128
1303706
1308015
1304275
1308607
1308141
1309180
1307960
1305354
1303009
1305780
1301176
1301787
1302773
1309230
1306204
1307985
1303887
1300847
1305736
1307013
1307964
1307003
1308692
1306970
1303348
1300519
1304858
1309291
1301248
1302202
1305077
1307595
1309857
1302469
1301758
1300469
1305822
1308913
1302487
1306545
1309481
1304385
1304941
1309958
1308886
1305073
1308515
1304472
1305574
1303916
1301698
1301570
1309578
1302623
1307492
1300268
1304755
1305288
1309836
1305659
1305048
1306020
1303799
1303583
1308078
1308721
1308782
1300918
1307729
1301314
1308549
1300694
1308575
1309525
1309682
1308447
1303189
1305482
1302328
1304938
1307001
1303450
1300824
1302225
1308749
1301231
1306139
1303232
1307374
1308203
1307637
1305043
1303165
1308688
1307491
1303470
1303023
1300009
1308025
1303260
1306249
1309080
1309037
1304685
1300766
1303571
1304866
1306210
1303849
1306117
1305405
1303198
1300923
1304073
1307836
1309286
1302297
1300085
1300733
1303071
1301442
1306434
1307341
1300713
1307540
1307100
1303921
1305317
1308734
1302153
1309577
1303368
1307330
1301901
1306437
1308179
1306146
1305363
1309044
1308906
1301088
1308536
1303032
1301212
1306967
1305050
1305299
1308522
1309706
1304930
1300660
1305792
1301034
1309021
1301551
1303624
1309709
1304514
1309545
1304112
1303371
1300376
1305588
1301108
1308973
1305878
1308657
1305896
1309884
1304237
1309526
1303475
1304592
1308103
1309727
1304974
1301661
1301287
1301771
1303751
1304479
1300350
1304886
1300730
1309438
1305758
1305670
1305609
1300830
1303227
1303249
1307102
1304679
1303801
1303587
1304170
1303562
1309990
1302603
1302006
1303730
1306323
1303603
1305085
1303106
1300567
1302817
1305136
1303164
1307766
1309348
1307751
1307342
1304266
1309692
1301631
1309645
1303704
1309431
1307085
1309187
1309834
1304736
1304130
1308647
1307482
1300425
1305821
1305385
1305707
1302340
1307333
1304467
1306690
1308516
1303375
1302886
1304973
1300180
1300269
1308005
1309662
1305591
1305811
1300282
1300333
1305102
1305455
1302892
1306316
1303782
1309319
1308150
1301158
1307575
1303561
1307698
1304131
1309314
1308435
1303250
1305910
1303858
1303865
1301221
1303794
1305911
1303703
1301999
1305765
1308475
1304970
1308476
1302843
1301623
1304849
1307230
1309604
1303911
1308698
1300738
1303508
1306502
1300646
1308614
1305900
1308837
1301235
1300468
1303248
1306451
1301817
1303546
1306452
1300366
1300462
1301966
1306754
1306747
1307664
1306208
1304152
1304453
1302120
1301653
1306709
1304345
1301318
1300447
1300036
1305550
1308127
1303143
1306189
1301104
1309865
1308905
1306431
1307239
1300251
1309036
1308582
1307112
1309419
1308566
1303764
1300659
1309931
1306984
1300074
1301243
1300281
1309176
1303647
1302825
1307846
1300102
1302083
1300317
1304960
1307546
1303701
1301409
1305710
1309957
1307320
1306571
1307994
1300027
1300569
1304427
1301064
1309366
1300323
1300202
1303073
1308964
1301350
1309510
1300314
1302031
1304708
1303402
1303480
1304187
1302260
1303338
1307300
1304689
1306565
1304891
1303049
1305930
1300059
1300603
1304940
1308829
1309124
1309038
1301939
1304433
1301083
1306262
1301000
1300934
1309290
1307731
1301681
1300888
1301410
1304883
1309009
1301462
1304311
1303028
1309155
1301733
1308827
1308164
1300805
1308400
1304568
1306938
1306958
1309699
1306269
1309372
1303030
1305339
1304711
1309111
1300544
1301797
1304413
1307465
1307022
1303954
1300166
1301853
1305344
1306072
1303670
1301036
1303229
1300414
1306884
1307291
1306161
1304989
1302336
1304845
1305186
1300049
1309004
1302204
1302498
1303134
1309824
1304096
1307526
1301755
1302064
1308318
1302908
1302887
1306352
1304552
1300252
1309448
1309289
1305931
1306831
1309222
1303535
1304919
1305776
1307863
1308349
1305869
1303833
1301206
1309362
1305157
1300558
1309000
1304730
1301319
1304790
1307927
1307214
1308933
1305084
1307261
1304164
1303836
1302092
1303797
1304625
1300840
1306846
1300945
1305579
1302826
1304700
1300057
1303107
1304643
1305238
1300818
1301717
1304171
1305382
1301425
1309944
1301842
1303717
1303830
1305287
1308684
1305190
1308995
1307421
1306137
1303351
1306840
1308972
1307901
1302301
1306157
1304344
1301387
1307890
1302119
1308589
1305817
1305845
1309841
1307271
1309067
1300977
1308462
1307340
1303406
1305213
1304850
1308191
1309805
1305146
1306902
1302392
1300353
1308790
1301266
1307336
1307222
1302922
1301383
1301587
1301284
1302841
1301977
1308360
1303405
1309842
1306543
1306680
1304292
1301134
1302851
1303829
1303386
1304244
1308961
1305449
1307665
1305892
1300483
1307399
1302463
1308366
1303518
1301094
1303026
1306015
1301784
1307031
1309412
1300839
1304287
1304566
1301759
1303336
1304618
1304841
1305098
1307095
1307089
1303039
1308296
1301993
1301452
1307519
1309664
1306769
1304232
1305724
1303015
1303419
1302279
1301946
1307269
1301535
1303664
1308828
1308531
1309304
1309796
1302367
1306075
1302977
1306976
1302161
1300541
1308560
1309690
1306314
1303625
1305525
1303584
1309750
1307605
1301902
1307081
1309935
1304965
1306988
1306720
1302274
1306313
1300313
1301258
1302536
1304532
1304705
1300953
1307741
1308665
1304340
1305688
1303017
1301336
1307075
1306570
1308171
1309758
1308810
1302772
1304999
1307882
1305483
1305416
1306881
1306567
1304996
1305149
1303339
1303575
1304934
1302863
1306036
1307276
1307686
1302206
1305848
1306060
1309610
1309089
1307564
1307253
1307289
1302459
1302779
1304782
1306124
1304045
1300229
1305413
1307926
1303748
1304288
1300516
1304484
1303113
1307592
1309421
1304558
1305126
1306804
1307784
1309933
1308625
1302238
1300858
1300526
1300864
1305404
1305965
1300274
1302782
1303075
1305827
1307865
1309886
1305833
1306455
1309162
1304395
1300520
1307440
1305554
1307130
1309837
1308101
1304455
1308137
1307748
1301302
1307101
1301364
1303085
1307182
1304497
1307655
1302792
1300625
1308214
1309661
1304772
1307111
1305369
1305842
1308331
1306193
1304587
1308060
1301174
1306002
1301805
1307270
1308715
1304990
1304560
1300801
1302790
1305108
1305343
1304556
1303878
1303715
1303131
1300069
1309227
1306818
1303045
1302706
1301517
1305577
1304369
1306971
1300287
1303687
1301873
1305107
1301738
1302726
1308939
1305917
1304082
1304477
1304097
1308784
1309269
1305206
1309191
1308347
1305046
1309876
1302387
1302614
1307145
1307765
1307457
1307242
1301153
1307574
1308876
1307197
1305009
1300477
1306319
1301023
1300116
1304691
1308107
1304215
1301857
1302497
1302346
1308293
1309615
1305444
1302386
1309447
1306113
1307417
1300835
1304831
1304935
1308750
1308756
1307972
1306812
1309725
1301308
1302808
1308758
1304626
1305362
1302327
1303589
1308195
1307157
1303116
1309402
1305472
1301907
1305010
1302947
1305070
1303928
1309671
1306135
1302131
1303632
1305939
1305782
1309337
1300179
1305850
1306548
1300404
1309544
1303294
1309382
1301331
1303184
1303848
1307525
1301245
1307375
1303400
1300925
1300665
1302265
1304139
1301091
1303263
1308635
1301045
1301827
1303416
1303605
1305125
1308459
1303661
1308812
1304495
1300982
1304668
1300392
1304667
1305297
1300033
1305650
1306781
1301367
1303673
1305384
1307544
1304144
1308042
1303080
1300622
1306505
1306708
1302816
1305597
1304920
1303097
1308436
1308867
1307522
1307598
1307390
1305249
1301426
1302992
1309728
1308789
1304423
1300546
1302517
1309056
1305790
1305060
1304889
1303725
1302424
1302656
1300459
1308173
1300656
1301625
1301167
1309506
1304658
1300121
1301707
1305373
1305255
1300188
1300465
1308271
1306926
1307975
1305152
1305719
1303547
1304360
1308288
1305359
1309607
1301293
1307042
1302862
1306063
1303942
1306103
1303659
1309518
1303176
1305807
1306551
1304763
1303196
1307693
1304936
1304374
1307096
1306290
1306350
1303620
1308754
1309026
1300870
1301945
1308935
1309201
1301189
1304262
1306711
1300428
1308134
1304368
1307699
1303853
1306616
1306582
1307732
1306123
1302283
1301312
1307799
1307822
1302098
1301327
1302931
1306035
1302995
1307210
1303037
1300442
1301747
1302551
1306413
1309213
1307488
1303088
1307129
1301529
1303894
1304742
1306568
1308079
1309045
1305185
1306037
1303128
1304252
1309453
1305605
1306665
1302507
1309601
1302404
1302891
1302355
1308601
1309210
1302289
1308541
1302312
1301567
1303593
1300850
1309242
1303847
1304517
1300664
1301494
1304575
1309193
1304047
1306653
1305580
1309263
1309293
1307149
1308181
1306425
1304776
1300380
1300312
1303665
1309585
1303935
1307346
1306053
1300836
1304361
1307043
1305267
1308145
1307782
1302919
1305654
1301956
1302049
1305753
1308918
1306134
1303879
1305124
1302766
1303549
1301419
1305858
1307724
1307093
1303186
1306440
1300752
1304931
1303719
1301154
1309106
1304173
1302139
1305702
1309288
1305423
1307533
1308998
1304101
1302727
1302709
1302502
1302844
1306490
1309845
1308323
1301878
1302833
1309394
1302850
1303273
1301985
1302638
1307982
1307841
1301325
1304911
1309902
1305321
1309626
1308946
1308342
1306593
1308334
1308102
1308278
1302155
1302094
1302491
1308909
1302607
1309672
1302475
1309730
1300940
1306247
1306304
1303429
1301611
1302519
1309567
1308109
1300631
1300271
1308850
1304269
1304265
1303973
1300110
1308640
1300909
1303098
1306770
1308481
1308358
1301466
1308009
1308471
1308985
1307233
1309499
1304544
1309813
1309148
1303903
1307518
1301744
1304881
1302207
1303756
1306115
1305956
1302828
1302248
1300326
1302640
1307266
1300497
1305270
1308256
1309433
1304046
1301911
1301396
1301395
1308422
1301006
1307306
1301378
1308678
1305437
1306111
1306059
1300921
1307186
1305495
1303398
1307357
1300358
1304756
1307933
1306746
1306626
1304074
1302606
1309654
1309520
1304419
1309540
1305923
1301984
1305839
1306719
1309950
1308430
1301656
1304070
1302744
1300884
1307459
1305403
1306707
1309119
1307389
1303483
1305974
1305903
1301740
1303597
1300727
1308485
1304982
1303481
1307371
1308564
1302062
1303126
1302347
1306507
1307516
1305945
1305532
1307535
1304474
1304504
1302620
1306722
1303980
1302017
1303835
1308957
1307549
1309097
1309979
1302924
1301548
1303041
1300806
1300973
1303552
1309405
1302861
1304997
1303581
1309321
1308685
1303820
1303779
1306443
1304220
1301445
1309815
1304921
1306487
1301849
1304364
1301813
1304354
1302787
1308416
1307159
1304273
1302397
1304021
1308959
1303886
1305700
1308270
1303762
1307082
1308775
1305786
1309968
1304129
1309516
1304238
1302860
1300604
1300319
1301399
1309256
1301931
1307025
1306142
1301313
1303417
1303315
1309596
1308262
1309073
1303743
1305855
1306359
1304181
1305130
1303468
1300530
1303119
1309801
1303773
1302320
1309016
1308745
1302266
1307902
1307483
1302056
1302472
1309531
1303912
1309258
1306649
1305103
1304627
1303383
1306043
1303649
1301778
1304132
1308929
1300677
1309747
1307596
1308565
1303349
1309759
1306461
1308504
1301306
1308367
1302382
1305332
1303145
1307217
1306710
1305770
1304337
1303984
1302170
1306798
1308415
1306084
1309497
1308652
1302378
1304932
1300949
1302314
1306615
1307600
1307158
1303923
1308002
1300308
1304721
1303851
1305292
1309429
1305273
1306150
1303767
1305739
1303775
1307922
1309790
1304914
1307688
1305578
1302159
1304750
1308878
1304559
1304717
1305539
1301476
1309147
1301440
1305415
1303081
1303148
1308816
1307730
1302267
1306230
1308172
1305486
1308257
1303926
1308282
1305263
1306365
1309817
1305972
1305852
1306868
1305058
1304401
1306561
1304384
1305502
1309588
1306556
1301246
1305147
1300484
1304402
1303233
1308505
1309713
1303063
1308639
1303554
1307628
1308348
1302416
1303096
1302962
1306190
1304276
1304635
1300507
1300849
1302988
1309729
1300253
1307447
1306919
1308841
1303252
1303408
1303623
1304253
1305170
1305887
1301895
1307743
1307694
1300352
1304141
1304377
1307425
1306310
1301753
1308742
1303253
1304819
1309519
1309795
1305313
1305176
1303648
1303651
1306960
1302450
1309376
1309174
1309396
1309649
1309094
1304216
1304331
1300467
1308317
1308038
1304715
1304133
1300446
1304405
1300086
1308806
1306757
1305204
1302949
1304572
1306609
1308090
1309892
1306668
1305781
1305504
1307010
1304114
1301850
1306915
1302569
1301384
1302223
1303427
1305555
1305202
1305393
1307787
1300704
1302209
1309712
1309270
1309502
1300931
1301252
1305115
1302548
1306743
1306108
1309282
1305335
1309137
1302717
1308831
1306096
1301574
1302287
1309428
1301516
1306360
1305977
1303331
1302524
1308668
1307606
1303367
1308545
1308701
1305364
1301716
1302518
1304854
1304033
1309302
1309915
1303144
1305819
1305014
1302739
1308971
1308894
1308450
1303660
1304386
1309618
1302741
1305553
1309658
1305406
1309325
1309095
1303439
1307353
1305932
1301533
1303392
1308914
1303608
1308720
1309090
1307395
1306663
1307683
1301786
1304196
1305901
1300808
1306463
1304808
1303872
1308083
1308764
1300111
1301130
1306182
1305169
1302381
1305596
1302609
1303362
1303709
1308491
1304696
1307970
1303548
1305109
1300543
1300784
1306945
1307170
1307591
1302781
1301185
1300393
1306749
1307936
1309561
1307880
1309546
1300362
1301077
1307889
1302108
1307279
1304053
1306745
1304671
1304977
1301072
1304586
1307455
1308976
1308140
1306266
1304009
1308880
1305935
1309486
1303544
1303109
1307376
1306706
1309956
1308395
1304110
1305918
1303202
1307645
1304807
1308370
1304912
1302807
1307419
1308751
1306362
1302877
1305551
1304295
1309330
1308555
1308024
1304976
1303407
1306555
1308872
1306422
1304059
1309212
1303525
1309812
1307445
1308469
1309156
1306318
1309274
1302372
1309392
1309281
1307475
1309806
1309027
1306086
1309070
1304800
1306688
1306229
1307046
1302796
1300902
1305254
1306439
1303634
1309264
1306758
1301937
1307105
1308084
1308590
1304665
1308308
1301388
1304738
1300957
1308727
1304005
1302897
1305230
1304768
1301493
1302939
1303669
1302959
1304718
1302331
1306655
1305411
1307381
1308511
1303672
1307866
1308889
1309755
1300697
1307919
1305161
1308921
1302406
1308862
1301585
1305301
1300394
1305428
1304809
1305326
1303243
1304157
1308724
1301885
1309543
1304569
1305810
1301461
1302028
1308569
1303917
1309552
1307563
1309011
1305347
1302972
1305663
1308676
1306265
1304735
1301181
1304294
1303531
1301669
1305446
1303247
1301429
1306762
1303221
1306220
1307387
1305246
1308537
1309702
1308857
1308501
1307621
1304632
1305002
1307718
1307873
1301626
1309134
1307298
1308204
1303627
1300834
1308448
1307827
1304649
1301944
1309653
1306308
1300643
1303740
1301020
1301223
1302842
1301281
1303479
1303168
1305963
1306258
1300440
1309128
1307695
1302309
1303224
1304448
1303215
1300827
1304599
1306523
1308174
1301393
1306433
1300663
1309370
1307464
1308888
1300403
1309775
1304799
1300249
1309763
1301200
1302987
1308950
1300765
1305626
1309091
1307178
1303997
1307280
1305715
1303736
1304450
1307329
1309819
1300143
1309554
1303940
1306537
1307826
1303714
1309766
1309309
1302737
1302896
1306009
1309363
1309436
1301276
1303414
1303616
1303048
1304631
1303006
1307388
1306057
1308095
1304637
1304471
1300981
1303662
1301127
1308794
1307319
1305047
1302337
1308104
1306951
1307439
1309474
1307205
1309581
1300341
1303947
1308046
1305235
1301524
1303358
1308686
1309455
1302651
1308066
1306406
1302380
1309296
1302156
1304428
1302040
1301053
1307418
1306482
1303286
1301475
1300728
1302824
1301168
1302916
1308089
1300427
1304327
1306081
1301520
1305671
1308778
1306069
1303739
1305971
1309889
1300848
1304060
1305976
1307988
1304584
1300943
1305196
1300205
1305752
1306480
1300817
1305639
1300435
1304185
1307644
1301272
1303344
1303866
1307709
1301682
1301173
1309077
1303118
1303199
1307763
1307404
1305011
1306777
1306712
1306429
1300539
1307993
1309501
1308532
1303313
1300342
1306294
1306529
1308307
1302186
1300518
1304362
1301416
1304602
1304466
1306364
1307469
1307913
1301920
1309017
1302444
1307925
1303044
1304937
1309871
1300475
1300227
1305851
1303445
1301715
1305962
1305372
1307077
1301630
1302602
1304310
1300144
1300275
1306979
1308310
1305542
1308874
1300150
1304365
1305572
1304400
1306559
1308054
1306883
1306914
1308836
1305771
1304390
1308263
1305620
1302433
1307833
1305477
1308954
1308975
1305237
1302460
1301798
1307364
1307550
1307529
1307337
1305034
1300582
1308620
1305040
1302839
1307062
1307072
1307273
1304388
1300357
1308804
1301479
1307957
1308021
1309136
1306119
1305266
1306330
1309659
1306175
1306814
1300416
1306963
1307851
1307484
1305057
1304906
1303793
1305803
1308562
1305988
1308403
1303022
1300640
1309086
1302688
1302827
1304200
1307208
1303241
1301620
1306600
1300746
1305433
1309356
1309695
1303396
1303220
1305400
1309189
1303084
1307176
1306101
1309683
1302752
1308070
1301882
1301838
1305459
1305800
1300220
1303992
1301582
1306639
1308268
1302075
1307954
1300391
1304048
1301011
1302946
1306539
1306168
1302523
1309271
1308610
1305261
1309882
1302113
1308130
1305641
1305883
1308733
1308443
1302396
1306171
1308031
1301041
1301655
1302967
1308645
1304754
1300182
1300466
1301270
1309165
1309770
1307477
1300642
1301027
1302793
1309141
1308284
1301580
1306718
1309874
1301692
1303800
1308875
1304564
1307247
1307515
1304231
1303682
1307562
1301403
1307998
1308925
1304441
1305244
1302621
1300141
1308581
1306263
1307169
1307958
1307285
1304351
1306174
1309175
1300750
1308423
1307939
1307107
1302407
1306083
1306955
1307854
1301910
1304991
1306274
1300456
1304335
1303463
1309435
1306557
1302869
1308968
1308568
1305997
1308717
1304827
1309840
1307971
1302214
1309107
1300388
1306252
1301693
1302989
1303732
1303440
1309241
1308687
1303856
1300654
1307317
1302143
1309051
1301867
1303401
1305305
1304629
1304422
1305548
1301776
1303674
1309316
1300024
1309591
1307892
1304704
1306856
1309334
1304044
1307569
1309096
1307801
1303857
1304431
1300942
1305561
1305080
1308324
1306512
1306891
1308852
1303766
1302341
1305447
1303141
1300547
1301366
1304233
1304783
1301612
1308885
1306214
1309843
1302788
1301947
1306019
1301073
1306910
1305757
1309246
1303996
1309030
1306825
1303582
1308761
1300669
1301081
1306255
1309974
1305276
1308602
1306271
1309205
1301424
1302165
1304928
1309629
1305298
1303292
1307058
1309870
1309236
1300913
1301908
1307764
1309794
1307616
1306597
1307652
1300372
1300939
1309932
1309895
1309251
1306888
1309638
1306481
1304175
1308458
1307118
1303151
1305895
1304926
1306566
1302393
1301542
1305737
1309335
1307747
1309803
1309909
1300552
1305494
1309527
1306070
1306465
1306321
1302832
1309385
1304962
1305365
1307314
1307531
1301376
1306763
1309101
1300501
1306202
1303486
1308343
1306510
1309587
1302052
1300248
1304528
1308631
1304804
1307209
1305118
1309860
1309478
1306648
1306078
1304020
1307940
1303158
1304057
1305180
1300630
1302565
1308325
1304017
1304312
1309031
1307973
1308571
1303373
1301957
1305055
1302506
1303599
1301916
1309006
1305424
1306027
1309490
1309143
1307541
1301880
1307948
1301958
1309149
1302510
1308165
1300860
1300455
1308980
1306008
1302821
1305647
1304943
1303843
1307378
1303055
1308650
1306737
1309919
1304280
1307028
1301525
1305325
1305714
1306508
1302903
1305825
1302598
1308111
1300929
1305728
1307117
1301002
1305683
1300347
1305036
1306136
1309911
1300890
1309809
1309969
1305197
1308552
1300755
1300976
1308346
1302588
1306546
1306849
1302705
1305158
1304641
1308570
1302187
1306326
1309684
1303136
1304577
1309063
1307248
1307807
1307044
1303986
1305701
1303195
1305178
1305474
1305864
1302034
1303738
1305378
1303690
1307343
1305271
1302142
1306228
1305872
1305427
1300050
1303744
1308572
1305684
1300650
1306344
1309248
1300175
1305552
1305681
1306603
1300129
1307950
1309118
1302184
1304801
1301527
1302573
1305219
1309778
1306927
1308540
1308304
1305166
1306284
1309800
1309099
1309190
1309777
1307281
1300758
1305644
1305756
1300900
1304358
1302852
1303111
1306696
1305100
1301705
1307619
1309660
1301727
1306751
1307427
1305954
1305099
1308034
1301854
1307354
1309268
1300690
1303746
1300055
1305229
1309897
1309409
1300941
1303553
1308887
1307860
1300037
1306598
1308339
1302133
1305809
1304657
1303266
1305072
1304407
1305905
1305389
1301793
1305110
1307578
1302567
1302846
1301400
1303242
1304547
1305832
1308069
1300844
1302899
1304770
1304282
1308108
1304075
1306576
1309487
1305018
1306120
1302249
1303614
1309062
1308155
1308643
1303983
1300492
1307408
1307646
1307895
1309202
1308357
1308057
1304356
1302929
1307323
1302428
1308588
1301112
1304620
1305135
1309901
1304505
1303270
1307857
1306288
1300990
1307594
1308376
1308472
1304319
1304523
1304778
1308437
1301439
1308671
1305944
1303720
1306447
1303906
1304093
1309608
1304336
1305623
1308766
1308813
1309057
1306438
1305268
1304545
1305236
1301056
1304416
1304353
1300550
1302093
1300924
1306608
1309802
1302118
1307109
1303924
1302370
1305546
1302876
1307133
1301637
1307146
1304887
1303729
1308967
1309449
1306646
1306177
1306089
1305940
1304480
1308482
1304661
1307103
1306377
1303845
1307304
1309838
1308327
1305799
1304255
1305200
1303284
1301195
1307612
1301016
1305768
1301315
1303898
1307472
1306870
1300283
1305655
1301219
1303576
1302776
1306541
1309350
1308984
1302699
1309689
1307634
1308039
1308058
1309144
1309521
1309168
1308411
1305042
1306307
1302880
1307672
1303137
1306256
1300608
1301347
1306879
1309018
1303005
1308706
1302278
1309352
1306235
1309439
1303989
1309710
1301943
1305738
1305836
1305876
1307456
1304864
1307552
1305779
1309917
1306199
1305081
1303564
1302848
1303527
1302544
1300773
1302208
1304518
1303506
1307967
1305443
1304177
1300997
1304766
1304794
1306415
1309138
1304753
1305290
1303513
1303859
1306484
1306973
1307843
1309425
1304068
1308035
1308253
1301344
1306107
1307127
1303615
1306760
1303029
1301236
1305112
1307824
1306748
1300644
1307856
1306817
1303944
1304338
1301101
1307288
1300255
1303914
1306944
1307496
1309272
1307618
1308294
1304299
1308599
1304225
1301148
1308624
1305401
1309920
1305265
1305478
1303343
1306140
1300513
1300595
1301190
1307733
1307123
1303629
1300538
1300798
1304316
1307106
1303824
1304594
1303424
1307918
1300267
1300775
1309247
1306371
1307490
1307257
1307996
1309686
1305937
1308769
1304877
1305062
1301881
1304775
1303999
1300887
1307980
1308603
1305788
1309142
1305806
1305785
1307989
1305311
1303092
1309816
1306478
1309994
1301157
1307071
1309135
1304760
1305733
1308383
1306807
1305665
1306372
1307173
1303426
1309495
1309523
1309878
1300658
1306792
1308493
1305061
1307433
1302849
1304683
1303008
1307761
1305471
1309828
1308133
1302030
1307790
1309632
1303171
1309224
1305957
1308554
1300354
1307773
1301048
1305113
1307504
1307136
1302983
1303072
1307984
1305978
1305920
1307514
1307798
1304780
1308626
1309277
1307073
1305507
1307080
1306277
1305729
1300445
1305216
1303889
1309226
1303329
1306388
1306578
1302431
1309318
1308736
1303929
1300617
1304662
1302212
1304964
1303305
1300910
1305904
1304150
1308707
1309126
1301007
1305841
1306334
1303066
1308022
1306030
1300213
1304690
1304456
1304933
1302914
1309896
1302508
1303596
1306091
1308136
1307755
1306243
1309995
1304218
1307108
1303875
1305440
1304796
1309479
1304146
1307795
1309893
1308341
1305831
1302895
1305916
1304731
1309863
1303700
1309934
1308791
1304739
1301603
1308539
1309504
1306662
1302866
1305582
1302135
1303803
1305333
1304833
1305805
1308461
1305919
1303482
1300572
1306606
1306515
1306791
1304098
1307397
1306862
1308114
1300189
1305193
1307090
1301299
1307264
1308945
1308517
1306237
1304611
1306621
1301454
1307126
1309928
1305030
1305915
1309041
1308375
1306767
1305323
1305880
1307391
1301933
1303519
1307610
1304259
1300576
1301256
1300399
1300488
1307063
1304011
1308680
1307653
1306864
1307624
1306941
1300920
1307647
1300324
1305066
1303191
1309209
1304811
1305134
1303413
1308200
1308096
1305476
1305777
1305075
1302804
1308194
1305454
1308670
1308613
1302256
1304002
1308793
1309641
1304638
1304279
1306191
1302039
1309853
1309505
1309688
1309650
1300480
1306569
1303936
1301595
1304117
1309916
1306802
1307229
1306494
1306032
1303178
1306410
1305885
1309808
1307450
1305734
1306419
1308392
1305256
1304380
1308718
1307263
1302757
1301890
1305859
1302961
1306813
1300387
1306636
1305349
1301234
1303713
1307584
1302822
1304876
1306428
1308936
1304126
1306351
1302968
1305417
1306179
1305198
1305233
1308377
1305129
1303384
1308497
1303110
1303749
1309411
1302258
1306643
1305015
1305171
1302653
1305399
1306977
1309894
1304028
1300964
1307659
1308328
1307092
1300185
1305133
1300574
1300474
1309560
1304064
1306392
1308638
1306785
1304160
1304470
1302126
1309173
1305179
1303089
1303200
1308315
1304773
1303832
1306022
1303124
1305838
1303501
1309677
1305798
1305642
1308135
1304230
1300204
1309154
1306635
1302048
1308690
1307523
1300089
1304404
1302936
1308335
1309339
1303516
1309568
1306503
1309300
1309814
1303259
1306614
1304489
1309349
1307794
1305584
1302000
1301938
1309938
1305425
1303476
1309722
1308255
1307163
1301792
1308580
1305949
1306966
1302310
1307326
1308864
1309565
1309651
1304506
1304734
1305902
1302294
1305116
1309476
1309983
1304137
1306006
1309463
1304844
1308092
1306283
1308185
1305778
1305958
1308773
1303047
1306264
1303274
1307538
1303867
1307350
1309482
1305418
1306918
1308456
1308417
1303588
1308927
1303207
1309060
1303103
1302840
1307949
1305374
1308378
1306997
1305889
1309551
1303100
1305564
1305300
1308728
1302957
1302853
1305065
1308901
1303626
1306816
1307654
1308006
1305269
1305083
1306627
1309473
1304530
1301362
1309196
1305469
1307769
1305489
1308146
1308777
1303374
1308573
1303142
1303621
1303162
1304451
1307547
1302845
1305371
1304955
1307830
1307886
1306731
1308958
1301651
1305893
1306055
1308716
1303881
1307974
1308386
1306442
1305697
1305106
1309576
1300769
1307838
1309644
1301633
1300093
1302933
1303578
1308932
1307888
1308320
1302944
1309109
1302650
1305184
1309776
1308519
1304644
1305466
1306811
1305245
1306682
1307868
1309398
1300505
1306211
1304367
1305024
1303449
1309880
1307626
1302918
1303882
1303941
1304701
1305961
1303070
1309735
1307555
1308542
1305970
1303529
1307203
1303077
1307171
1308903
1308345
1304563
