1301097
1304940
1300893
1302344
1301162
1302202
1301446
1301137
1304939
1304968
1303485
1301914
1302681
1304538
1301452
1303233
1303539
1303936
1302471
1303679
1302658
1303631
1303889
1302562
1304891
1300874
1304204
1300473
1303363
1301803
1300477
1300752
1304274
1300812
1303063
1304692
1302331
1304131
1304615
1302337
1302739
1304486
1304016
1302674
1301208
1303627
1300224
1300536
1300764
1301299
1303739
1304728
1303594
1302511
1301838
1304670
1300384
1300531
1300294
1303862
1302701
1303443
1304946
1304212
1300965
1301956
1304142
1302850
1302931
1301668
1303202
1300475
1300686
1300236
1300387
1300613
1301255
1301132
1300264
1301620
1304882
1301504
1301367
1302477
1302611
1303754
1300193
1301464
1301875
1300416
1302099
1303674
1301619
1304264
1304719
1300985
1304512
1304921
1302666
1302169
1300095
1302668
1303527
1301478
1300259
1304810
1304708
1303747
1301430
1302815
1304715
1303635
1304324
1303608
1304773
1303031
1304590
1304217
1302650
1301245
1302010
1302835
1300060
1303388
1304339
1304467
1303013
1303971
1302341
1300003
1304504
1301450
1301915
1303894
1303628
1302043
1301881
1300229
1301060
1302436
1300827
1304243
1303855
1300467
1302746
1302275
1301230
1302147
1304353
1303181
1303317
1302872
1300246
1301909
1302305
1303970
1300312
1302897
1304736
1304087
1302585
1302680
1302874
1301657
1304591
1302555
1304030
1302896
1300260
1301344
1302697
1300321
1300423
1303790
1302366
1301723
1301185
1303768
1300488
1304662
1302136
1302020
1301106
1303212
1301309
1301457
1302088
1302053
1300589
1302908
1304415
1302444
1304329
1302343
1302767
1301818
1301780
1303851
1302615
1303715
1303286
1301662
1302304
1304583
1303593
1304950
1304229
1303795
1302978
1303079
1304112
1304377
1303689
1300896
1300141
1302388
1304957
1300082
1303929
1303697
1304822
1302213
1301979
1302251
1304116
1303759
1304943
1304315
1301879
1301801
1300920
1303107
1300784
1301731
1301023
1301475
1300101
1300309
1301808
1302052
1302922
1302488
1302069
1301971
1303346
1303010
1300173
1301274
1303415
1302572
1302487
1300651
1302354
1303502
1302619
1300432
1300582
1300804
1303766
1304094
1300940
1300760
1303393
1301091
1304178
1303836
1303369
1303144
1303841
1304954
1303571
1302905
1300869
1300543
1304066
1304665
1304238
1302728
1303143
1301484
1302368
1300023
1300628
1301665
1303426
1304444
1303368
1302707
1300530
1300743
1303001
1304314
1302675
1302460
1301103
1303842
1302422
1301476
1302288
1303006
1303789
1301095
1300111
1304904
1303533
1302076
1301945
1300343
1300634
1300649
1300443
1304965
1300932
1304045
1303437
1304735
1302947
1304651
1302865
1301532
1303516
1302399
1300008
1302191
1302570
1301734
1303385
1301323
1300244
1300162
1304855
1300584
1302269
1303081
1300204
1300153
1302313
1304022
1302886
1303156
1301736
1302224
1304186
1300215
1302890
1301601
1300221
1301243
1302624
1302758
1301985
1302266
1302222
1303459
1303376
1301320
1301479
1302476
1302507
1301428
1301996
1300397
1302654
1304945
1301322
1304588
1301927
1301982
1301699
1302065
1300052
1301343
1301806
1301883
1300824
1303657
1301671
1300177
1302583
1302432
1300637
1304981
1300459
1301578
1302054
1301741
1301545
1303356
1304800
1302163
1304385
1301363
1304545
1302733
1301644
1303152
1302601
1302993
1303771
1302323
1301080
1303911
1302818
1303562
1303783
1300334
1304811
1302512
1300770
1301895
1303325
1303496
1300527
1302630
1302403
1302958
1300299
1300142
1302080
1303753
1302355
1303830
1300134
1302156
1304955
1301805
1304057
1303662
1301150
1303310
1301590
1303492
1304798
1301116
1301701
1304205
1302311
1304476
1302183
1303680
1301990
1304320
1303161
1302725
1304023
1304778
1301242
1300795
1301659
1302352
1301319
1303422
1301304
1300726
1303166
1301451
1302464
1301832
1301600
1304357
1301055
1302820
1303652
1304667
1303604
1302670
1300621
1303359
1302426
1302641
1301133
1303070
1302827
1302170
1304222
1303705
1301950
1303072
1303328
1303252
1304266
1303980
1304938
1301440
1300017
1300562
1301146
1300351
1304563
1303208
1300609
1300395
1302235
1303179
1301201
1303738
1301953
1300586
1301101
1303581
1302895
1304065
1304334
1304701
1302142
1302774
1302731
1304206
1301955
1301630
1302490
1301025
1302320
1300534
1301716
1304469
1304693
1300598
1304986
1303188
1302849
1302252
1304008
1300468
1302956
1304063
1304359
1303875
1300658
1301066
1304235
1303563
1301014
1304521
1300787
1300079
1303952
1304716
1301556
1304125
1300996
1303725
1303985
1302132
1300092
1304550
1304120
1303713
1301781
1304388
1301980
1300559
1302672
1302983
1301984
1300831
1300026
1301239
1304027
1303761
1301666
1302740
1303730
1303136
1302367
1301142
1302673
1300912
1301576
1302475
1301553
1300902
1304203
1304338
1304123
1303687
1302762
1304503
1300900
1303116
1302498
1304970
1302764
1304502
1301880
1303958
1303802
1303429
1304226
1304785
1300447
1301944
1302149
1301141
1304037
1303460
1304589
1300779
1302634
1303200
1303884
1302988
1300369
1301653
1303462
1304599
1300441
1304177
1301380
1300500
1301748
1303934
1300632
1304827
1300591
1301926
1302830
1303688
1300825
1300034
1301152
1300505
1303813
1304316
1303701
1303432
1301490
1303882
1301802
1301789
1300407
1304208
1300403
1300579
1302573
1303578
1301262
1300300
1300836
1302153
1301135
1302259
1301520
1302143
1303491
1302927
1302032
1303832
1304509
1304429
1302817
1301957
1303358
1303785
1301649
1304068
1301474
1303349
1300670
1302591
1300452
1304309
1300886
1300635
1302483
1301340
1302209
1302456
1302847
1300438
1303196
1300429
1304015
1304332
1301422
1303600
1300462
1300381
1301673
1300071
1300982
1302538
1303515
1302802
1303466
1303488
1301634
1304389
1303611
1301538
1302757
1301073
1302742
1301033
1302120
1301491
1304709
1304865
1303874
1303685
1303234
1303220
1301933
1304608
1300648
1304919
1304707
1304547
1301126
1304540
1304648
1300681
1304991
1300594
1300258
1301143
1303540
1303135
1300767
1300558
1303379
1301186
1302419
1302359
1303060
1304135
1300131
1304051
1304873
1304524
1304403
1303480
1304706
1303159
1300390
1302679
1301598
1302975
1300502
1302150
1304284
1302661
1300391
1300180
1303734
1302892
1303428
1304096
1300615
1301219
1303750
1301562
1303978
1303981
1304730
1302989
1302144
1304671
1302518
1300084
1300057
1300715
1302105
1301169
1300587
1304323
1302523
1304326
1300413
1303101
1301294
1301259
1304086
1300316
1303755
1302325
1303912
1303014
1302171
1300207
1303503
1300466
1300090
1300104
1300755
1304290
1301348
1300646
1304253
1301402
1303458
1301212
1304806
1303796
1302610
1300337
1301187
1303030
1302642
1301481
1300171
1303473
1300248
1302165
1302689
1303691
1300393
1302609
1300850
1304944
1300015
1303885
1300208
1301663
1301799
1300359
1301159
1300669
1302268
1302928
1300778
1302550
1304443
1303315
1304265
1304744
1303647
1304468
1303522
1301550
1302019
1303313
1304488
1303121
1301232
1304283
1303681
1302227
1300714
1302851
1304032
1303456
1303656
1302508
1303544
1301684
1303991
1302843
1304017
1301847
1304286
1301770
1304770
1303998
1303644
1304344
1300099
1304272
1303839
1304902
1303947
1301195
1301747
1302284
1301986
1301458
1303454
1301173
1300470
1300123
1300633
1300203
1301535
1301085
1304843
1301893
1303287
1304999
1301898
1304448
1302916
1303683
1300245
1302600
1304815
1302036
1300666
1300308
1303736
1300231
1300718
1301035
1302298
1303828
1300719
1301581
1300705
1302919
1302084
1302135
1302208
1300754
1303036
1303162
1303995
1302003
1300528
1302390
1300073
1301138
1301835
1303616
1304710
1301558
1303579
1303170
1304105
1300526
1304484
1300425
1300494
1301991
1303672
1301508
1303231
1302373
1302623
1304056
1300041
1300602
1302723
1303099
1300184
1303105
1301900
1301079
1300206
1303898
1303752
1304097
1301332
1302759
1301270
1304493
1303940
1300155
1304549
1301906
1300630
1304507
1300548
1302796
1301257
1303848
1300549
1303032
1303957
1303080
1301065
1300895
1300190
1304668
1302055
1304564
1301392
1304034
1301864
1301565
1303811
1301854
1304833
1302766
1302714
1300152
1304223
1300820
1301434
1301074
1304122
1304612
1301852
1303380
1300999
1304350
1301167
1302045
1301134
1301254
1300679
1304572
1301889
1300296
1300119
1300581
1301877
1304356
1304170
1300840
1302071
1300614
1303198
1300654
1304959
1301587
1302091
1304033
1303684
1301094
1301541
1302734
1304001
1302022
1301579
1300007
1303077
1302870
1302026
1301505
1300402
1303477
1301568
1303039
1302994
1301075
1301413
1304562
1300862
1302594
1300054
1301401
1302544
1300491
1301431
1302781
1300374
1304447
1302082
1301012
1301334
1300948
1304102
1301064
1304889
1302549
1301969
1301090
1300616
1303843
1300247
1302528
1304580
1304231
1304311
1301930
1302826
1303818
1300047
1304470
1302617
1301500
1300514
1303066
1302212
1303814
1304363
1300878
1303554
1300571
1302279
1303267
1302401
1300913
1303264
1304980
1304156
1304184
1304746
1304457
1304405
1301358
1303810
1302090
1303387
1302168
1303276
1301616
1302203
1301859
1303283
1301998
1300405
1303535
1301350
1304598
1301693
1304978
1302001
1304926
1302281
1300572
1303625
1303381
1302451
1300187
1302051
1303087
1304776
1300261
1300766
1304044
1300790
1304336
1300288
1303966
1304282
1301827
1304605
1302569
1303472
1302236
1304270
1302411
1301670
1302836
1300085
1302515
1304394
1300313
1302613
1303280
1300151
1304154
1301306
1303744
1304387
1302064
1302452
1304698
1301655
1303075
1301570
1302878
1303035
1301099
1300927
1300282
1300532
1304584
1300650
1303211
1304660
1302798
1303541
1302244
1301846
1301410
1304794
1301247
1304888
1303745
1302805
1302442
1304933
1302377
1302534
1301489
1301961
1301603
1304721
1302362
1303519
1301411
1301825
1304003
1302578
1303950
1303104
1302556
1302351
1304327
1302340
1300323
1300986
1304351
1301029
1304638
1300716
1301172
1302418
1302962
1300713
1304454
1304384
1301021
1300868
1304823
1302775
1304073
1303994
1303620
1302566
1303216
1300320
1300588
1302049
1300019
1302466
1302551
1304236
1300307
1300317
1304974
1300809
1303857
1304620
1304114
1301760
1301248
1301047
1302093
1301833
1300139
1303274
1300818
1300552
1301703
1300401
1300046
1303525
1300022
1302414
1301036
1301400
1300327
1301692
1303424
1301678
1302513
1301347
1303167
1300440
1302741
1303314
1300641
1300610
1300252
1300664
1304604
1303632
1300841
1304867
1302067
1302461
1302187
1303052
1301599
1303336
1302310
1301885
1304900
1304795
1300611
1303500
1300906
1304964
1303992
1300513
1300872
1303041
1304607
1302948
1304797
1303090
1304841
1300461
1301313
1303339
1304059
1302595
1303074
1304576
1304962
1303880
1304775
1300114
1300255
1303675
1304230
1300242
1303969
1301268
1302338
1303446
1300608
1304462
1301252
1301314
1303597
1302933
1304613
1303901
1300889
1304209
1303686
1301622
1303524
1304228
1302308
1302181
1300346
1303187
1300366
1304673
1301977
1301412
1304412
1303512
1302825
1303061
1302646
1302173
1300504
1300880
1303413
1300212
1302217
1302450
1300291
1300757
1300576
1302686
1302282
1302286
1302491
1302293
1300522
1303833
1303667
1302823
1302330
1302024
1303342
1303272
1304220
1300510
1301614
1304482
1300881
1304090
1304534
1300274
1303693
1302526
1300368
1303797
1304895
1300004
1301031
1302913
1301153
1303765
1301129
1300035
1300817
1302145
1301456
1303225
1302607
1303612
1304139
1303799
1304211
1304528
1302720
1300919
1304055
1301685
1303009
1303171
1303164
1300025
1300554
1304531
1301593
1300360
1301468
1301738
1301848
1302710
1304053
1301147
1302429
1302154
1302094
1302472
1300763
1304993
1303717
1300520
1303444
1301641
1302139
1301948
1303093
1304684
1300132
1304074
1302622
1303007
1302532
1300211
1301063
1300567
1302479
1300968
1301027
1304273
1301721
1300897
1302214
1300075
1304536
1302966
1300336
1300508
1300807
1301917
1302085
1300434
1301639
1304911
1301353
1301526
1300701
1301761
1300349
1302424
1303568
1301477
1303490
1301154
1304163
1303453
1303589
1302620
1303779
1301733
1301904
1303123
1304381
1303772
1301024
1302923
1303374
1302628
1300741
1300916
1300753
1301040
1302807
1301715
1302384
1301118
1303941
1302267
1304793
1301407
1300222
1300499
1300596
1302694
1302316
1300592
1300437
1300065
1304543
1303788
1301606
1302174
1300577
1302789
1304130
1301585
1302239
1304157
1302653
1301850
1302207
1301160
1304020
1302042
1301824
1302691
1301931
1304802
1302810
1301460
1302334
1301697
1302633
1304319
1302495
1303138
1301834
1300185
1302748
1301176
1302869
1303886
1301777
1302365
1301826
1301179
1303190
1301482
1304354
1302404
1303876
1300284
1300113
1300102
1302970
1303005
1303993
1301861
1300006
1304515
1300937
1301341
1301623
1301798
1303728
1300928
1304548
1301907
1304091
1304366
1303599
1301549
1300909
1302855
1302400
1303547
1303903
1304024
1301632
1304893
1302828
1303132
1304606
1301583
1301432
1301370
1300710
1301559
1304025
1302146
1303405
1300375
1301674
1304530
1300974
1302608
1302011
1301584
1303098
1303642
1304004
1300014
1300496
1304781
1303910
1301660
1303887
1304585
1304837
1302017
1300283
1302130
1301778
1303352
1303281
1303479
1304914
1303583
1301290
1303511
1300636
1304768
1301690
1300398
1303423
1301205
1302903
1303949
1302376
1302996
1301107
1303800
1300373
1303115
1304400
1301629
1303622
1300361
1303451
1302829
1302618
1300580
1300786
1304814
1304840
1301628
1300363
1303825
1301588
1303391
1300566
1301225
1303927
1301947
1302034
1300660
1304160
1301425
1300935
1304050
1302864
1303595
1302226
1302868
1302656
1304975
1304331
1303467
1301273
1300276
1302521
1300951
1300281
1302598
1301198
1300858
1300667
1303543
1302839
1300130
1304492
1304062
1303097
1300237
1304989
1302577
1302289
1303489
1301551
1304828
1303637
1300305
1301371
1304280
1302296
1303048
1302647
1302243
1302395
1301177
1301712
1301785
1303763
1302112
1302752
1300729
1304093
1301561
1304434
1300979
1303846
1300324
1303577
1302586
1302427
1302370
1303861
1301202
1304661
1302423
1301041
1300903
1300306
1300001
1301115
1302703
1304632
1303147
1304159
1304132
1303863
1304657
1304080
1300734
1301730
1300523
1300062
1304525
1303103
1301056
1301170
1304378
1303263
1302057
1301110
1302797
1304398
1303666
1301020
1304886
1303222
1300070
1303085
1300239
1304581
1303354
1302435
1301546
1301795
1300970
1301515
1304849
1303464
1300293
1302671
1300385
1301726
1301844
1300898
1301447
1302603
1304225
1300821
1300219
1304985
1301204
1302467
1303867
1301869
1301754
1303804
1300709
1304853
1302606
1300353
1303094
1300049
1300901
1302018
1302152
1301656
1300277
1301361
1301416
1301287
1301704
1301922
1303819
1302041
1302073
1304984
1304287
1302848
1303551
1304690
1300620
1304506
1301283
1303962
1301473
1302684
1304250
1304150
1303253
1302070
1300301
1300538
1303510
1303973
1301235
1303457
1302249
1303418
1300917
1302652
1304629
1300018
1304537
1304383
1304006
1304333
1303486
1304618
1303770
1302662
1302416
1301355
1300143
1304903
1304134
1301067
1301190
1303266
1304966
1300556
1301938
1300934
1301258
1300722
1300270
1301285
1300899
1300279
1301575
1304269
1303334
1304526
1304060
1301686
1303206
1303913
1301222
1304416
1302621
1303269
1303277
1303221
1304227
1304441
1301974
1300315
1303847
1301005
1304364
1300311
1304145
1301148
1301918
1300677
1303714
1302178
1300619
1300762
1300728
1302999
1301804
1303241
1302023
1303773
1300322
1304436
1301081
1304239
1301163
1301218
1302125
1301194
1300465
1304854
1301209
1303859
1303610
1302392
1302089
1303902
1301860
1304293
1301221
1303076
1300262
1303295
1302254
1303532
1301613
1303251
1304379
1303256
1300870
1304560
1301455
1302257
1304863
1302705
1300478
1302724
1303892
1303357
1304246
1301072
1300627
1300394
1303126
1300442
1302938
1302364
1304382
1302328
1300612
1303474
1303110
1304420
1302737
1304426
1301385
1300427
1300234
1303653
1301059
1304783
1303250
1304414
1304658
1303853
1304172
1304330
1300703
1304151
1301071
1302499
1300890
1304240
1303668
1303204
1301178
1303733
1302271
1301929
1302576
1300354
1304084
1304076
1304602
1304141
1300149
1303291
1301516
1301727
1302695
1303692
1304908
1301495
1303718
1301773
1304655
1303078
1300345
1300926
1302907
1302250
1302339
1302148
1301687
1303712
1301199
1300693
1303209
1304479
1301466
1303967
1302541
1302973
1304328
1302539
1304505
1304732
1302434
1302232
1302329
1301388
1301423
1300201
1300816
1301346
1302114
1301862
1303003
1304654
1300645
1303433
1302439
1303542
1303603
1300218
1301631
1301677
1303084
1300417
1303469
1301925
1302118
1303808
1302535
1301872
1304896
1303213
1302784
1302272
1302108
1304494
1304700
1302079
1300991
1303809
1303737
1304362
1304241
1303968
1301227
1304043
1303891
1304483
1304711
1303607
1301278
1300392
1300347
1303177
1303776
1300200
1303506
1301756
1301018
1304885
1300042
1303837
1304497
1304029
1301910
1302383
1302955
1304844
1304890
1300448
1301364
1300010
1300484
1301650
1301544
1304566
1302808
1302967
1303531
1300016
1302546
1302075
1301241
1304165
1304611
1300150
1301769
1304646
1301876
1302324
1302663
1303925
1304169
1300624
1303827
1302006
1301038
1302768
1300796
1303835
1302062
1301136
1301298
1301533
1301356
1304109
1302536
1302990
1301286
1303217
1300013
1304705
1301972
1300146
1301329
1302917
1302900
1303564
1303067
1301017
1303845
1304951
1302709
1304490
1304916
1300984
1300045
1300798
1300225
1302060
1301438
1303270
1304729
1300546
1304082
1304277
1304801
1302719
1300421
1303791
1301531
1300759
1301396
1301082
1303639
1302616
1303292
1302238
1300512
1302568
1304621
1304753
1300485
1302481
1301857
1302039
1303271
1301443
1302453
1304306
1304185
1304727
1304047
1303083
1302665
1302380
1300884
1300597
1300671
1304813
1300310
1301083
1301394
1301399
1301517
1303742
1302494
1301485
1302794
1300555
1304179
1302497
1304862
1301362
1303239
1303546
1303247
1301354
1300851
1302943
1302772
1301288
1303088
1304146
1300100
1302077
1303517
1304874
1303240
1302690
1300857
1302175
1304879
1303588
1302558
1303366
1304417
1302780
1302007
1301735
1302755
1304532
1302563
1303798
1302744
1302111
1300803
1301555
1302629
1300330
1304019
1301206
1301480
1302926
1300426
1300877
1302832
1302921
1300987
1300220
1304010
1300861
1302246
1302812
1304846
1300168
1303943
1304161
1300050
1300483
1301472
1303866
1303915
1303362
1300469
1302386
1300216
1302754
1300408
1301296
1302131
1304905
1302225
1302749
1301567
1304967
1300742
1303439
1303700
1303254
1301566
1301426
1301214
1302405
1304237
1302998
1302428
1300801
1302301
1300479
1301052
1302503
1302378
1304446
1301499
1302589
1301901
1300699
1303590
1302109
1302221
1302312
1301537
1301114
1300720
1300445
1300342
1300138
1302801
1300507
1302123
1302547
1304842
1300595
1302083
1302980
1300269
1304570
1304342
1304365
1303521
1300038
1301043
1301924
1304307
1303605
1303102
1300450
1301636
1302530
1301976
1304233
1301501
1303655
1304609
1301993
1302717
1303638
1302102
1302000
1304271
1301978
1302455
1302971
1301174
1300226
1303392
1300121
1300544
1302800
1304699
1304143
1304071
1304301
1301279
1303822
1300037
1303475
1302179
1300061
1301903
1302430
1301967
1303117
1301266
1302431
1303180
1303335
1304686
1301078
1300319
1304816
1300232
1303550
1301836
1300626
1300275
1300864
1300792
1301483
1301529
1304181
1302882
1303034
1302756
1301127
1301509
1304275
1302729
1303559
1301536
1301874
1301057
1302529
1304480
1301121
1304738
1300746
1302315
1300297
1304898
1300704
1300604
1301970
1302702
1300487
1301351
1300949
1304722
1302553
1303182
1300788
1301994
1304961
1304647
1300687
1300702
1302410
1302879
1301510
1303130
1301779
1300076
1300950
1301352
1304864
1304713
1300195
1302446
1300382
1303194
1303942
1303905
1301360
1300378
1303289
1301008
1303919
1302263
1301249
1303355
1302682
1300698
1300661
1303654
1300436
1302604
1300286
1300780
1301611
1303174
1301393
1304009
1302945
1304932
1301714
1302138
1301698
1300921
1300455
1304573
1300560
1300738
1300457
1302274
1300529
1300744
1301681
1304947
1300335
1302195
1300663
1303982
1303552
1300989
1304659
1304183
1300708
1303582
1304877
1304821
1303731
1300973
1304218
1304197
1302200
1301569
1303710
1303906
1303481
1301053
1303353
1300665
1302029
1302685
1302809
1302309
1304174
1301963
1300933
1301814
1303300
1301792
1301058
1303586
1302939
1301658
1304402
1303548
1304751
1303131
1302565
1300053
1301625
1304195
1300691
1303049
1304997
1303954
1304733
1300518
1300797
1302899
1300783
1303321
1301749
1303471
1301810
1300967
1302242
1304836
1300266
1302649
1301011
1304578
1304883
1302506
1302902
1301238
1300993
1301044
1303399
1303086
1301234
1300009
1304817
1304481
1301612
1302991
1301793
1300977
1303119
1304279
1304124
1304111
1300350
1300793
1300990
1304559
1302210
1304680
1303301
1303854
1300263
1300643
1301960
1304702
1301312
1301188
1302443
1303570
1300740
1304495
1304743
1303498
1302790
1303623
1301669
1301527
1303840
1302783
1304958
1300027
1304869
1302159
1300585
1301244
1303945
1304210
1301812
1304153
1301897
1302074
1302056
1304018
1301775
1303619
1302946
1301745
1304994
1300157
1304430
1301462
1301331
1301381
1300118
1304361
1303091
1302587
1303193
1304574
1303573
1300887
1301868
1301376
1304219
1300943
1304477
1304079
1304712
1302593
1302412
1302824
1303708
1304196
1304799
1302393
1304861
1303435
1302449
1300087
1302944
1301439
1302458
1304002
1303470
1304649
1302462
1303602
1302910
1301253
1301369
1301710
1303931
1300164
1302357
1302995
1300435
1303769
1303189
1303751
1301359
1300367
1300170
1301882
1300302
1304014
1303365
1302353
1301843
1302751
1300069
1301552
1301308
1304224
1303762
1301459
1302468
1304121
1303017
1302564
1301935
1302696
1301506
1300905
1304297
1301829
1304623
1304996
1302441
1304255
1304995
1302559
1302625
1301604
1300832
1304242
1301161
1303740
1304571
1303748
1303495
1303338
1301607
1300292
1300371
1300765
1302129
1301646
1304774
1302100
1301276
1300553
1301530
1302795
1303201
1302025
1302103
1303176
1301098
1301521
1300329
1301366
1303440
1300030
1301013
1304408
1303384
1301417
1301418
1300348
1303463
1302969
1300781
1301487
1304411
1302387
1300639
1303238
1300721
1302063
1303703
1302813
1303461
1303801
1300731
1304263
1302557
1304058
1303071
1300389
1301640
1303214
1302087
1300249
1304376
1304092
1301387
1303441
1303434
1301200
1303416
1302157
1301602
1300159
1301702
1300535
1303468
1302782
1304355
1301841
1302058
1302122
1303383
1304511
1301000
1304927
1301291
1300883
1303858
1300051
1303154
1300682
1301708
1301503
1300882
1303165
1302137
1301372
1302115
1303565
1300163
1302841
1302863
1303226
1301096
1302786
1303351
1303059
1300020
1303792
1300918
1304934
1302188
1304765
1304369
1301952
1301999
1304418
1304432
1304295
1301618
1303308
1304367
1302113
1300525
1303661
1303997
1304720
1303382
1302363
1304508
1301049
1304717
1303297
1300700
1303569
1301892
1300638
1302300
1301496
1303508
1300144
1300885
1303895
1300590
1302457
1303186
1301250
1300303
1302360
1304176
1302228
1301694
1303210
1304517
1300923
1302811
1304072
1300063
1300629
1303959
1301635
1301821
1300110
1304640
1304304
1303513
1301519
1302914
1302371
1303696
1301725
1304787
1301916
1302096
1304442
1304887
1304982
1304485
1301292
1300961
1304635
1301397
1300122
1303538
1300179
1303112
1304929
1301856
1301783
1302445
1303618
1301543
1304393
1302840
1302834
1300289
1304325
1303996
1301032
1300136
1303450
1303665
1303749
1301964
1301196
1301338
1300652
1300449
1302177
1302640
1304644
1304556
1302478
1300340
1302283
1303483
1302415
1302833
1302871
1300481
1303775
1300251
1302793
1300355
1303787
1304127
1301327
1303530
1303670
1301596
1302889
1303805
1304988
1302447
1300540
1301145
1302924
1300420
1300182
1303062
1304557
1300002
1301157
1302884
1303702
1300372
1302542
1300732
1301609
1302046
1304586
1302912
1300867
1301891
1303109
1303199
1302333
1302117
1303330
1300771
1300960
1300223
1304907
1301842
1301224
1303027
1301192
1303767
1301554
1300386
1300674
1303726
1301109
1300328
1300956
1300497
1300430
1300915
1304625
1300605
1300799
1304149
1304594
1301326
1301061
1303598
1303928
1300044
1303448
1302537
1302957
1303523
1302040
1300684
1300888
1302470
1301265
1303113
1304404
1300623
1303904
1301921
1304372
1301753
1301647
1300568
1301237
1303707
1304244
1301289
1302119
1301539
1301084
1303649
1301497
1304289
1300410
1302098
1301796
1302234
1301840
1300011
1303331
1304167
1300509
1301488
1300474
1302894
1300148
1303309
1300290
1302667
1302901
1303307
1300515
1300688
1303826
1300521
1304110
1301965
1302860
1303781
1302229
1304990
1302004
1303044
1301240
1302981
1300456
1303137
1301759
1304762
1302883
1301831
1300433
1303045
1300873
1303205
1302335
1303584
1302588
1302982
1300145
1302683
1300490
1300495
1302492
1300694
1302262
1304164
1303341
1301718
1301325
1304894
1301752
1303724
1304913
1301968
1302241
1300618
1302223
1301256
1303520
1301786
1304714
1303207
1303316
1300971
1303344
1303192
1301784
1303923
1302303
1300944
1304031
1300453
1300298
1303645
1304221
1302030
1303844
1301026
1301419
1302258
1301365
1300419
1304259
1301758
1300696
1300464
1302463
1300813
1303057
1301788
1300789
1301962
1302929
1303669
1304645
1303395
1300091
1300537
1302941
1302779
1303641
1301884
1301855
1300454
1302718
1301277
1303347
1300800
1304133
1304425
1301695
1300745
1301389
1304519
1303128
1300712
1303019
1304931
1302761
1301654
1302763
1304199
1301467
1303636
1303282
1303151
1300845
1301223
1300414
1304427
1303000
1304040
1301557
1304148
1304567
1300978
1301797
1302013
1303219
1300653
1304791
1301311
1301144
1303420
1302485
1301959
1302220
1302361
1300331
1301069
1303760
1301191
1303249
1300564
1302033
1300988
1304868
1301800
1304759
1304850
1300412
1301233
1301830
1300493
1301939
1302545
1302636
1302347
1300846
1301563
1301899
1301870
1300158
1302164
1302688
1304214
1303979
1302504
1300963
1301765
1304294
1302637
1300273
1303023
1303640
1300843
1301409
1301437
1302133
1303148
1304761
1301574
1304745
1303417
1302614
1301911
1303975
1302803
1302047
1303122
1304348
1304925
1302777
1302745
1304628
1304069
1303914
1301943
1303706
1302260
1304860
1303899
1302035
1300875
1303556
1301992
1304500
1303465
1300930
1303002
1304672
1303924
1304136
1302474
1303042
1303455
1300058
1302270
1303972
1303120
1302816
1303860
1302699
1304180
1303248
1303987
1304310
1300672
1303024
1301310
1300333
1303169
1304341
1302061
1302972
1300406
1302575
1302854
1304839
1302727
1302891
1304522
1301648
1303268
1300810
1302979
1304808
1303419
1301333
1304193
1303421
1304129
1300856
1304423
1304048
1304731
1304302
1302906
1302953
1303069
1303933
1303856
1303633
1301264
1302857
1304758
1304431
1303178
1303361
1302028
1300852
1304587
1301894
1301683
1300847
1304610
1301591
1304866
1302440
1303821
1304724
1303293
1304285
1303340
1303615
1304971
1303311
1304101
1302579
1300074
1300659
1302356
1300593
1304489
1303558
1304088
1300156
1304113
1303142
1302765
1302659
1300998
1301184
1303560
1301330
1304245
1304910
1303494
1300129
1303288
1304207
1300325
1303932
1302632
1300199
1304807
1301471
1300271
1303823
1302285
1304386
1300782
1300370
1304992
1302776
1302687
1302437
1304516
1302211
1302726
1302256
1301729
1304603
1303157
1303318
1304046
1304077
1300059
1302738
1301807
1302986
1300640
1300938
1300983
1300033
1300067
1303938
1301433
1301436
1300747
1302302
1302712
1304252
1300376
1301594
1304652
1304052
1301651
1301858
1302898
1304663
1301301
1301766
1301617
1304373
1301158
1300471
1301946
1300924
1304081
1302918
1301088
1301722
1301357
1304119
1302509
1304847
1303364
1302505
1301231
1303852
1301444
1303868
1300105
1300642
1303815
1300202
1300570
1303373
1300036
1300137
1302358
1302845
1301226
1300178
1300946
1302319
1304397
1300516
1302273
1302205
1302189
1301688
1302005
1304551
1304960
1300975
1301183
1303377
1304977
1301307
1303900
1304675
1300214
1303320
1304340
1300826
1303140
1303922
1304897
1300235
1300894
1302934
1302264
1302932
1301937
1304473
1301197
1303576
1303410
1301420
1302771
1300031
1301589
1300860
1300689
1301548
1301689
1300112
1303337
1304194
1302292
1301514
1304876
1303229
1300768
1302554
1304809
1301886
1304656
1300941
1300737
1304677
1302332
1302107
1303505
1302086
1302814
1304633
1302185
1302277
1300498
1304642
1300541
1301461
1303173
1301645
1304558
1300115
1301229
1302837
1304499
1300021
1302959
1301954
1301493
1300952
1301180
1300183
1303058
1300922
1301373
1300692
1304856
1302396
1302327
1300910
1300265
1303497
1303501
1300446
1302881
1302425
1303304
1300695
1303606
1303877
1300280
1302092
1302698
1304409
1302160
1302985
1304755
1301524
1300725
1300911
1301586
1304614
1304162
1304942
1301853
1301390
1303869
1304291
1304937
1300828
1304780
1300631
1302095
1301757
1304312
1303168
1304064
1300574
1300176
1301336
1300774
1302581
1302732
1301211
1301062
1304213
1302785
1302867
1300959
1300814
1304924
1304335
1304804
1300198
1300066
1301547
1300120
1300388
1303431
1300711
1301051
1304829
1301342
1300947
1301534
1301128
1300140
1304406
1303999
1300761
1302676
1303398
1304498
1302974
1300776
1303663
1300859
1304756
1301642
1304421
1304496
1304518
1303260
1304108
1302968
1302265
1302106
1303153
1300109
1300166
1301732
1303614
1303294
1304257
1300756
1300871
1301383
1300655
1302648
1304288
1300174
1304115
1301763
1300823
1300399
1302421
1300093
1301368
1302194
1302101
1300563
1303704
1301403
1300675
1300697
1300295
1300383
1304830
1300607
1300606
1302374
1302216
1304258
1302635
1300364
1301542
1301295
1301951
1301123
1304845
1300352
1304742
1302204
1304026
1302231
1301271
1304396
1303095
1304637
1301887
1303677
1301391
1301406
1301164
1300995
1304983
1303988
1302196
1300486
1302081
1303141
1304158
1303939
1303323
1304346
1304579
1304561
1301973
1304595
1301995
1303935
1304438
1300625
1301652
1303279
1303528
1304764
1302769
1300773
1303534
1301719
1304790
1304749
1302038
1302778
1301905
1304757
1303172
1303345
1304627
1304769
1303482
1301700
1304616
1302519
1301328
1301776
1300929
1303412
1303592
1304834
1302048
1303574
1304577
1303360
1302669
1301251
1301751
1300849
1303907
1301597
1300955
1304767
1300805
1301728
1303871
1302297
1303896
1304831
1300539
1302525
1304061
1300727
1300287
1303499
1301522
1302643
1302215
1300811
1302044
1301737
1304685
1302197
1301175
1303553
1304788
1300012
1304636
1301878
1300603
1301002
1300758
1303302
1300338
1302193
1302059
1302747
1302027
1303820
1301932
1302407
1303920
1304752
1302949
1300936
1300501
1304440
1302255
1302520
1300108
1303442
1302987
1303567
1301037
1304901
1300126
1304641
1304128
1302950
1301572
1301512
1300304
1301511
1300227
1302295
1301215
1301787
1304881
1302651
1304987
1304949
1302158
1302571
1303850
1300422
1300733
1301454
1301582
1302997
1304852
1303719
1300217
1300551
1303427
1300482
1304458
1300326
1302522
1302514
1303043
1304251
1302097
1300794
1301851
1300377
1303476
1300254
1300676
1301263
1301711
1301743
1301384
1303386
1304254
1300569
1304012
1300904
1303984
1302877
1304923
1302645
1304278
1301676
1301122
1301217
1304674
1302375
1304380
1302574
1303305
1304930
1300748
1302253
1304138
1301166
1300735
1303816
1301691
1304912
1303575
1300848
1300188
1302015
1302846
1301269
1301997
1302700
1303660
1302605
1303741
1303012
1302072
1304763
1303723
1300230
1301404
1300365
1300257
1302050
1303149
1301928
1303237
1301408
1304972
1300833
1303711
1304106
1302792
1304422
1303026
1300175
1303746
1303332
1304474
1302716
1304276
1300547
1304703
1301791
1302876
1302704
1300056
1303946
1301120
1301087
1302664
1304451
1301913
1301272
1301321
1300332
1300976
1300205
1300048
1304107
1301453
1303646
1304439
1304546
1301706
1300418
1300362
1302379
1302500
1302489
1301039
1300839
1302008
1304740
1303673
1302480
1303758
1300172
1303029
1302121
1301746
1303163
1304395
1301220
1304820
1303350
1303585
1301764
1303064
1304653
1302128
1301281
1302722
1302346
1304098
1304838
1301213
1303246
1303033
1304215
1303183
1302066
1304189
1300186
1300339
1303756
1301470
1301912
1304542
1304433
1301303
1301638
1303977
1302862
1302842
1300769
1301316
1302822
1302602
1300750
1303348
1301112
1300147
1300191
1301742
1301015
1304835
1300064
1303916
1301155
1301845
1304777
1301117
1300583
1301571
1303051
1300980
1304683
1300981
1301006
1300939
1301987
1303409
1300192
1302942
1301661
1304078
1300565
1303397
1303327
1300683
1303278
1302248
1300907
1302567
1304410
1300197
1303299
1300492
1302496
1301981
1300161
1303529
1304370
1300600
1300806
1302770
1303478
1304216
1302176
1301936
1304726
1301740
1304428
1301750
1300439
1302417
1304039
1304825
1302408
1304261
1304041
1303780
1304650
1303720
1302952
1301131
1303829
1302116
1304371
1301054
1301680
1301004
1301086
1304619
1301284
1304191
1303930
1301525
1303375
1302398
1304464
1303245
1302402
1301941
1304952
1301293
1304465
1303617
1303235
1301427
1303343
1300476
1300953
1304435
1303591
1300444
1304956
1303046
1302448
1300517
1304401
1303401
1303545
1304419
1302631
1302037
1303133
1302644
1301507
1303203
1303956
1302708
1304466
1303218
1300957
1304870
1301102
1301633
1304851
1300096
1303118
1301486
1304704
1301424
1303016
1304188
1302230
1303716
1301045
1304697
1301203
1300240
1304597
1300077
1300958
1301345
1300314
1304352
1302321
1302552
1302880
1304678
1303284
1300815
1301809
1300545
1303722
1304075
1304739
1300876
1303786
1303671
1302406
1300213
1303114
1303230
1302345
1300160
1304140
1304234
1303452
1304582
1301139
1302831
1302911
1303487
1302715
1304247
1303396
1304689
1304232
1304268
1300228
1304696
1303831
1303883
1302382
1302655
1300892
1304936
1303587
1301317
1301896
1302560
1302561
1302516
1302190
1301816
1300835
1301193
1300128
1304664
1301608
1301908
1301028
1303983
1302596
1302804
1302502
1304682
1303065
1303089
1303872
1304669
1300550
1303073
1301228
1300925
1301942
1301863
1301605
1300808
1304118
1302638
1302582
1303262
1302336
1302976
1302291
1301983
1303303
1303108
1300707
1304750
1304639
1304953
1301920
1302590
1301867
1301092
1303096
1304527
1302984
1300135
1301865
1300005
1304575
1300863
1300844
1303015
1301324
1300043
1304472
1301782
1301724
1301305
1300165
1303018
1303514
1304935
1303561
1300962
1304884
1301837
1303782
1304424
1303784
1302167
1304630
1304256
1302915
1300424
1301189
1303298
1300644
1302856
1302887
1301068
1303757
1300097
1302920
1301100
1303989
1301016
1303897
1300775
1300931
1303648
1304198
1302318
1300561
1303329
1303507
1303698
1301595
1304786
1302391
1303709
1303926
1302219
1304754
1302127
1302012
1303259
1302031
1304456
1303536
1304917
1300480
1302068
1301421
1302743
1300116
1303406
1304626
1300250
1301560
1302543
1304871
1300233
1304300
1303794
1301374
1302960
1303265
1304260
1302838
1300891
1304569
1303806
1303909
1303484
1302925
1304832
1301302
1303881
1300834
1302963
1304691
1304478
1300945
1300431
1300575
1304099
1304973
1301165
1300117
1304976
1301378
1304779
1302299
1304368
1301168
1303255
1304407
1300189
1301989
1304313
1304784
1303403
1300617
1301873
1303025
1301042
1303948
1303777
1302433
1304249
1302322
1300992
1303865
1302124
1301767
1303447
1302735
1301105
1300678
1304011
1303793
1303824
1302372
1301048
1304089
1303290
1302612
1302935
1302482
1303690
1301050
1303038
1301210
1303053
1301709
1302134
1300972
1302349
1304694
1303296
1300749
1303145
1301379
1300656
1303445
1304117
1300842
1304766
1303285
1301580
1300853
1302791
1304859
1304979
1303803
1302409
1300994
1302385
1303695
1303650
1300680
1302873
1304085
1301902
1304070
1304533
1304501
1300358
1302819
1304168
1303961
1301498
1302290
1303682
1300601
1300866
1304725
1302161
1301267
1302186
1301395
1301182
1302009
1304969
1302954
1303732
1300167
1303888
1302597
1304144
1300169
1302930
1300127
1304390
1301429
1300088
1304036
1301282
1302397
1303004
1300855
1304514
1300098
1302657
1300194
1303664
1302420
1303834
1303322
1304539
1303908
1300458
1303493
1303960
1304676
1300657
1302465
1303378
1301019
1301755
1304772
1301615
1302280
1300000
1304899
1304593
1304818
1301934
1304375
1302287
1300739
1304450
1302155
1300068
1302326
1304021
1301739
1303191
1300822
1301744
1303425
1304858
1303621
1304296
1303197
1300356
1300196
1303676
1302852
1301866
1304544
1300622
1304038
1302510
1304915
1302014
1304042
1302524
1300463
1302206
1304054
1300024
1304305
1303518
1300668
1304445
1303764
1304337
1303224
1301046
1301077
1301216
1301707
1303232
1303261
1301171
1301449
1302454
1300969
1304299
1301682
1300942
1300055
1302469
1303371
1302678
1300428
1303160
1301001
1304617
1303917
1301502
1302799
1302201
1304267
1301713
1303921
1303324
1303504
1304147
1302078
1302753
1303223
1303021
1304322
1303139
1301940
1301822
1304452
1300032
1301819
1302199
1303312
1304455
1304392
1303273
1301667
1303389
1304920
1302885
1302951
1303390
1301260
1302002
1300673
1301124
1304928
1301771
1301815
1300267
1301592
1303526
1304568
1301890
1303613
1302233
1303129
1300647
1301958
1303257
1304192
1304262
1300599
1301034
1302660
1301813
1301540
1304292
1304103
1304741
1303870
1302517
1302438
1302501
1300272
1304374
1304592
1300080
1301104
1304523
1301010
1304535
1304321
1300268
1304190
1304028
1300396
1303890
1304067
1301820
1301463
1303022
1302218
1303185
1302750
1301888
1300865
1303580
1303918
1302110
1303008
1301762
1303743
1302276
1304880
1303976
1302473
1302306
1302599
1303370
1303215
1300802
1301772
1303411
1302348
1303306
1304007
1304298
1302893
1304941
1302140
1301828
1301382
1304005
1301007
1302237
1300089
1300357
1300837
1304688
1304187
1300819
1302486
1303893
1301246
1301009
1304399
1304318
1303111
1300318
1304487
1301119
1304718
1303244
1304347
1300997
1301140
1304201
1300278
1301518
1302245
1304475
1301523
1301975
1302389
1301414
1301405
1304248
1304848
1304826
1304734
1304513
1301337
1300785
1304723
1301465
1302104
1300086
1302016
1304601
1304634
1302961
1300506
1303040
1303634
1304760
1302540
1301849
1301280
1300103
1303402
1300125
1302394
1300685
1302909
1302166
1304126
1300460
1304510
1302141
1301624
1301492
1302592
1300028
1302307
1302936
1304771
1300879
1302844
1304529
1301076
1301070
1301790
1300730
1300954
1300285
1302413
1300106
1301441
1300966
1304792
1301415
1300791
1303729
1303028
1303092
1300411
1303275
1302342
1301111
1304349
1300039
1303372
1302940
1302773
1304083
1300690
1300409
1304173
1300451
1304892
1304471
1303146
1303011
1302904
1303054
1303990
1301923
1302317
1302381
1302493
1304600
1304666
1301130
1304391
1301564
1300154
1302692
1300040
1301839
1301318
1302527
1300511
1303438
1302639
1302736
1302192
1302484
1301156
1303937
1301003
1302294
1303849
1303394
1302247
1304541
1304155
1300736
1304013
1301398
1303020
1304491
1304819
1304695
1304998
1304049
1304812
1303572
1303965
1303566
1302788
1300830
1304875
1301089
1303727
1304857
1301621
1302937
1303333
1303047
1300829
1301386
1300854
1301494
1302531
1303807
1300400
1304643
1302459
1301435
1301093
1303555
1303242
1304171
1304679
1302861
1302184
1304343
1303056
1301108
1302533
1301261
1301448
1304631
1304460
1301871
1300094
1303408
1300078
1302369
1302964
1302151
1301610
1303549
1301297
1301315
1304906
1300964
1302278
1303879
1301664
1304463
1300914
1303106
1303964
1301675
1301717
1304175
1304782
1303774
1302677
1303699
1303721
1300908
1302977
1301817
1303509
1303175
1304303
1300379
1301720
1304000
1302172
1301627
1303414
1304317
1302693
1302261
1304449
1301949
1304100
1300519
1301236
1303407
1300751
1303864
1303050
1301643
1301030
1300772
1301919
1300706
1302992
1303436
1302853
1303228
1300210
1300415
1302721
1301577
1304872
1303227
1303609
1301966
1303626
1302806
1302787
1303986
1300243
1300404
1303953
1303236
1302580
1303449
1303134
1301626
1300072
1303659
1300238
1302711
1303404
1301988
1300503
1303195
1301181
1301149
1304963
1301672
1303068
1301573
1302626
1304308
1304461
1300253
1300542
1304358
1303150
1302240
1300341
1302584
1304104
1302548
1303082
1301768
1304095
1302866
1304687
1303735
1303596
1302760
1300662
1303155
1304413
1301377
1301151
1302021
1303124
1301811
1304555
1304948
1302706
1303873
1303817
1302713
1300107
1304345
1303630
1302821
1304803
1300083
1301022
1301637
1304824
1302126
1304035
1303400
1301375
1302875
1303184
1302198
1304737
1304789
1300777
1303100
1303557
1301513
1301335
1303326
1301705
1303963
1304552
1303158
1304796
1300533
1302858
1300081
1300380
1303258
1303601
1303367
1304878
1301207
1302162
1301339
1303944
1303694
1300489
1302965
1303243
1301679
1303658
1304748
1302350
1304922
1301528
1303125
1302888
1301469
1303643
1304747
1303127
1303778
1302627
1301442
1300256
1303037
1301349
1301445
1304520
1304681
1300573
1304624
1304166
1300133
1301125
1300241
1300029
1304622
1300181
1300838
1300472
1300557
1303955
1300724
1300524
1300723
1304596
1301275
1303319
1302730
1303951
1301774
1304152
1303878
1300717
1304281
1303629
1304554
1301300
1303812
1301696
1303974
1304553
1304137
1304918
1304565
1303678
1303430
1301823
1300344
1304360
1303055
1300124
1304805
1303624
1300209
1304909
1303651
1302314
1301113
1304182
1304200
1302182
1304453
1303537
1302859
1300578
1303838
1304459
1302180
1304437
1301794
1304202
