1303466
1305155
1307515
1308881
1304734
1310518
1303370
1310603
1300815
1302621
1306194
1309312
1305224
1308122
1300758
1304854
1308054
1307581
1305142
1305408
1310716
1301750
1304943
1305445
1307943
1300387
1305881
1300075
1303603
1306276
1306045
1301931
1309773
1304573
1310878
1307103
1308410
1302276
1308722
1309881
1310208
1310740
1300032
1303462
1304372
1301689
1309556
1306491
1310900
1308692
1307952
1302238
1305710
1302657
1301926
1306057
1308360
1307752
1310804
1301194
1303938
1308849
1304654
1304942
1309697
1310852
1300074
1307967
1302725
1303487
1308376
1310244
1308677
1300201
1308921
1309913
1301161
1310327
1303486
1310120
1306644
1309217
1306564
1302883
1308951
1309975
1300404
1301761
1304519
1310230
1309666
1308461
1304634
1303516
1310907
1309534
1300671
1308793
1306603
1310717
1307528
1310254
1308515
1302476
1303733
1308406
1301849
1306069
1310556
1306817
1308743
1308656
1310637
1310135
1300976
1308809
1310718
1301250
1302968
1307202
1307018
1307135
1303220
1305572
1305711
1308279
1300539
1309340
1305679
1305744
1305835
1310572
1301199
1305753
1303830
1301695
1310031
1307126
1305078
1306025
1306250
1304247
1302982
1308303
1301930
1308532
1305354
1303398
1309784
1309005
1304265
1309543
1305288
1300279
1302728
1306815
1309229
1301325
1301539
1301796
1304898
1305413
1310992
1309884
1304844
1309334
1309252
1307761
1303978
1308641
1308173
1305704
1305497
1307525
1303472
1308545
1310083
1305447
1306524
1308857
1309553
1304618
1308439
1305895
1309713
1304964
1306527
1308732
1302369
1309833
1303691
1308678
1310012
1302019
1308363
1308855
1301204
1310133
1307089
1309882
1310201
1307106
1300797
1304986
1305417
1302800
1308773
1305866
1308866
1302313
1300006
1303404
1301151
1300145
1304457
1307785
1310555
1305436
1302265
1303407
1305348
1302413
1304105
1300029
1308284
1300967
1306620
1303418
1303457
1306456
1304245
1303422
1306630
1310530
1310771
1309076
1308237
1306593
1305806
1300092
1302464
1309180
1300826
1300564
1310392
1307799
1307593
1306720
1306842
1307488
1306966
1305240
1309967
1301433
1303983
1301209
1303339
1304501
1306050
1307615
1303640
1304502
1301825
1308771
1304255
1302685
1310661
1308887
1309654
1300661
1304865
1308300
1307594
1303772
1310167
1305217
1307673
1307174
1308800
1300087
1308299
1303066
1302833
1303793
1307023
1310785
1302094
1308999
1306930
1310139
1310550
1304161
1302767
1310979
1300431
1303948
1308918
1303803
1300927
1307502
1304924
1307406
1309677
1307520
1306462
1310995
1306448
1302706
1300477
1308171
1303724
1308096
1306767
1306143
1303172
1308586
1304571
1303993
1310509
1301943
1310247
1307963
1306110
1310064
1307426
1307721
1300820
1303470
1308193
1310657
1306586
1309470
1309112
1302065
1310198
1302581
1306201
1309523
1303543
1302456
1303484
1308984
1303394
1302435
1308962
1305395
1305926
1303591
1301977
1308085
1300977
1303065
1308452
1301422
1309613
1307403
1304353
1303991
1301117
1306512
1305103
1310330
1303813
1306432
1308129
1305868
1303985
1309473
1300358
1302150
1302050
1300771
1307366
1301597
1309114
1308648
1306587
1303276
1307922
1304450
1305978
1300065
1301390
1306744
1310114
1300031
1310889
1302201
1309623
1309923
1301865
1308364
1304764
1307736
1305650
1300767
1304637
1305605
1308561
1309790
1310242
1309946
1307452
1308602
1300583
1303739
1303266
1301430
1304280
1303522
1308730
1301070
1308619
1310892
1302303
1304928
1300892
1307034
1307620
1303529
1304756
1308527
1304858
1306619
1303703
1308467
1300759
1305238
1306252
1301008
1305665
1308437
1303347
1306331
1304603
1306554
1307011
1300396
1308536
1301804
1307609
1306089
1303150
1309384
1305535
1309968
1307964
1308334
1300044
1302684
1310447
1307038
1302601
1306898
1310849
1307147
1300772
1306461
1305102
1305096
1300198
1304989
1305526
1310365
1300416
1300796
1308254
1308739
1309371
1308359
1303917
1308479
1308910
1305792
1304140
1308932
1308482
1307595
1302274
1305719
1309824
1309947
1303032
1308247
1300019
1305267
1308057
1304657
1301944
1306760
1301392
1310697
1302007
1310673
1310408
1308522
1310263
1301429
1309747
1301400
1309926
1305134
1304349
1306291
1303633
1300309
1303881
1307559
1303344
1303063
1304412
1309978
1309494
1309446
1300433
1303686
1307456
1303371
1306197
1304256
1306572
1302074
1304581
1301839
1310060
1303270
1307724
1302937
1304491
1303735
1306288
1310202
1310455
1300714
1302575
1305863
1309503
1300112
1302191
1310282
1308519
1307936
1308051
1309734
1302994
1310425
1309869
1300214
1308655
1305699
1301432
1305729
1303864
1302766
1300317
1302617
1305366
1308558
1300321
1309756
1310529
1307293
1307948
1306159
1306457
1306405
1302033
1305962
1309536
1305716
1304653
1303775
1304960
1307152
1309067
1307347
1303932
1300850
1310184
1307985
1307804
1303834
1309518
1300923
1305324
1305473
1303375
1303085
1310552
1300343
1300741
1301680
1302078
1300077
1310521
1309645
1302573
1305941
1300378
1306471
1307613
1308785
1305808
1307591
1301423
1310041
1301721
1306906
1310941
1306642
1307300
1305222
1308245
1305075
1304565
1306341
1304323
1310345
1303481
1307045
1301766
1301922
1307040
1307298
1309317
1304213
1307858
1305045
1305657
1306209
1303521
1303071
1303942
1300307
1301087
1306691
1307344
1301784
1305126
1304419
1303154
1306085
1307199
1300659
1301551
1307503
1301339
1305005
1302342
1301528
1308444
1302630
1305604
1302427
1305858
1306450
1307166
1304685
1310170
1303087
1302808
1302031
1303716
1302757
1305257
1310910
1304516
1302239
1303185
1301319
1302111
1303458
1301862
1307617
1300922
1310196
1304049
1306108
1302902
1306840
1310773
1306165
1304343
1304291
1307519
1300517
1304246
1300270
1310423
1305555
1310369
1305261
1305614
1306844
1308081
1310191
1303034
1306536
1310148
1306112
1307425
1300046
1306325
1308507
1300787
1304227
1308801
1308116
1307410
1303759
1305794
1302125
1306470
1304472
1301609
1300412
1300803
1302920
1302531
1309239
1303352
1310470
1306857
1300754
1306718
1304462
1303225
1310103
1304594
1305161
1300606
1309765
1310652
1301023
1306265
1304605
1309758
1308043
1308419
1300795
1303910
1303748
1310870
1303501
1308983
1303067
1302869
1305310
1302942
1306794
1301654
1300852
1305394
1308862
1300268
1300595
1300984
1308389
1304341
1301651
1305433
1303091
1306902
1302772
1307043
1308104
1302930
1308516
1308659
1309840
1304839
1300491
1302142
1301478
1301153
1308749
1306163
1310562
1304917
1304855
1310284
1300120
1301542
1306141
1306875
1301122
1303925
1300227
1300553
1307477
1308813
1302329
1304337
1307794
1306714
1308806
1304923
1307284
1301763
1305471
1301472
1307283
1307828
1309960
1300070
1302503
1300942
1302658
1310753
1302120
1302418
1301191
1301628
1302053
1300327
1308958
1302687
1310532
1305386
1306385
1305047
1301510
1301336
1300859
1302349
1310502
1306176
1309207
1300455
1304757
1301056
1300856
1306989
1310053
1302502
1302361
1310094
1300723
1305531
1310714
1302552
1308240
1302798
1302510
1303853
1300405
1306256
1302268
1310037
1303820
1306837
1306826
1301778
1307680
1310638
1305942
1309130
1301378
1300653
1306802
1308328
1305205
1307000
1310752
1308852
1300269
1309737
1303478
1305036
1309659
1303453
1308508
1302467
1304612
1308404
1309236
1307193
1301859
1310513
1306092
1301827
1300379
1301467
1309237
1300962
1301530
1301657
1309406
1303514
1300261
1309329
1306090
1302546
1301124
1308844
1301613
1309949
1303634
1310069
1305537
1302261
1306650
1304155
1301973
1304620
1303409
1307162
1301606
1307337
1301823
1309257
1306026
1303144
1308534
1308976
1310279
1300938
1304409
1307295
1300902
1305723
1308556
1304941
1306881
1305159
1306423
1306934
1309308
1309549
1302035
1305810
1300366
1305661
1308469
1306675
1305795
1310677
1304117
1309825
1305814
1302986
1300964
1308464
1304464
1307951
1307537
1309439
1309093
1307387
1300592
1304543
1305186
1304575
1307538
1301664
1303309
1307975
1305399
1303493
1300058
1305920
1310296
1306077
1302955
1309927
1309015
1309168
1303644
1302037
1302602
1302675
1303207
1300432
1304794
1303297
1302223
1310901
1309695
1309957
1306449
1302643
1309161
1307360
1309097
1305346
1306153
1304803
1303513
1303799
1309810
1307179
1308995
1305315
1308503
1306922
1310535
1302983
1307693
1301447
1309421
1303721
1303657
1303452
1305508
1309959
1301834
1308850
1307579
1307017
1303060
1306600
1301622
1309376
1300292
1300314
1307254
1301737
1310175
1306314
1309273
1306540
1306339
1307662
1305211
1305369
1308412
1304101
1308411
1309235
1308609
1309592
1308755
1309627
1303915
1303119
1304497
1310054
1305862
1304496
1307085
1309095
1304363
1304715
1308070
1302487
1310301
1301281
1304442
1309990
1302855
1305308
1302179
1306531
1308816
1302979
1304094
1310836
1308594
1308546
1309692
1310660
1303619
1305228
1303791
1302837
1302765
1306428
1306102
1303919
1308113
1307141
1309089
1306852
1309496
1309198
1302334
1305449
1305025
1308941
1303587
1305932
1307246
1309683
1301998
1310491
1308570
1308443
1300666
1305285
1300256
1306195
1304766
1305187
1300906
1300335
1305991
1300685
1306161
1310138
1308854
1310234
1310173
1303267
1300067
1305760
1304787
1304102
1302328
1304050
1301617
1304347
1304585
1301205
1304134
1304562
1304713
1309904
1309838
1308118
1306507
1306277
1306755
1304395
1309377
1308596
1307556
1303889
1300822
1305966
1306426
1306799
1309193
1301933
1306178
1306667
1301064
1309768
1302527
1309950
1303855
1301870
1300273
1306947
1306588
1301215
1305454
1305970
1308745
1304253
1302892
1310252
1309113
1304145
1304507
1301329
1304487
1310633
1309557
1304177
1301100
1303197
1309041
1301743
1309832
1301106
1307371
1305174
1302899
1304791
1308954
1306768
1300329
1309593
1310950
1303758
1308963
1309548
1309738
1300550
1300083
1302616
1303263
1309098
1301916
1307631
1306866
1304163
1309762
1306368
1309854
1307695
1306873
1307910
1310699
1307864
1310609
1301453
1306446
1308897
1305849
1300833
1303342
1308883
1307542
1306333
1300213
1308075
1309500
1300177
1300476
1306258
1305246
1307935
1303097
1306756
1306088
1304850
1307077
1301508
1307138
1308560
1307019
1301789
1304320
1300099
1308192
1300393
1305578
1304316
1306427
1306971
1306705
1309864
1309182
1304152
1309689
1309014
1303317
1302449
1302088
1300272
1300641
1306946
1305651
1306558
1300961
1305160
1302712
1310545
1303588
1300918
1304262
1300591
1300428
1303264
1302812
1310200
1300871
1306776
1301350
1308741
1303237
1304399
1303507
1308891
1310524
1300128
1301078
1306063
1300468
1305272
1309848
1303974
1310527
1307159
1306399
1302348
1304212
1300546
1308565
1301427
1308286
1302505
1303238
1310335
1306959
1301374
1306105
1301445
1302360
1305800
1302285
1306537
1301874
1307182
1307491
1305064
1300696
1307275
1303059
1308002
1307529
1303083
1303231
1300569
1301435
1306065
1302858
1302134
1308407
1307560
1304580
1309873
1306103
1304275
1307472
1303000
1310958
1300458
1309002
1305425
1307822
1306414
1302567
1304700
1305380
1301868
1310722
1300566
1308718
1307262
1302866
1309776
1301897
1302103
1310728
1301725
1306792
1303627
1304294
1307983
1301101
1301806
1307512
1300750
1304600
1310667
1305439
1310160
1302122
1304366
1303227
1310987
1305376
1308150
1308928
1310993
1309298
1310735
1304903
1302110
1310835
1305339
1308647
1306383
1301465
1300733
1302009
1310190
1307974
1307343
1309719
1303658
1305024
1300001
1301099
1307980
1301150
1306208
1305163
1304236
1301457
1300305
1300303
1307142
1306230
1310757
1303061
1302803
1305277
1302604
1300047
1300912
1304119
1306786
1304053
1305937
1305734
1303105
1310176
1300639
1302168
1309046
1301323
1300267
1305068
1305364
1301586
1303300
1300481
1306560
1309488
1308029
1302419
1308573
1306211
1305772
1303039
1308943
1300501
1307945
1304093
1308347
1300164
1303500
1307928
1306716
1302378
1308301
1303058
1309309
1302115
1309703
1310308
1300398
1302661
1301713
1305287
1307157
1304815
1306669
1309944
1309484
1307375
1302988
1308189
1304738
1305838
1310938
1303912
1304810
1309889
1300472
1305077
1309834
1302636
1307249
1304944
1302101
1304929
1305180
1308218
1302477
1309828
1300300
1304315
1301461
1303014
1306595
1302205
1305032
1301338
1307720
1301787
1306513
1310375
1305596
1306559
1304871
1301578
1303025
1307718
1307854
1310760
1303070
1306541
1309481
1303562
1308497
1307059
1309100
1309597
1309408
1300045
1303346
1301058
1309680
1308430
1304344
1309914
1310457
1305044
1304809
1304036
1303631
1301347
1302187
1307836
1302207
1300336
1301103
1308514
1303024
1308144
1304278
1302708
1310373
1302769
1301643
1307282
1305338
1305085
1303895
1301610
1304446
1308044
1301954
1305714
1310624
1303363
1303146
1310045
1310383
1307830
1304860
1306697
1301298
1300773
1301020
1302641
1300249
1302199
1303818
1309183
1308031
1302770
1308212
1305989
1304029
1307765
1302377
1306433
1308228
1303692
1304333
1307802
1307048
1306443
1306710
1306338
1305214
1304024
1301832
1301061
1309850
1306769
1307852
1302910
1300410
1300011
1309981
1306948
1303310
1300051
1304023
1307723
1308501
1309430
1305620
1308811
1304560
1306200
1303688
1304098
1308970
1309676
1301324
1307101
1301012
1307859
1301730
1300033
1303519
1301569
1310165
1306731
1308853
1304237
1304183
1304364
1302443
1303392
1305756
1304467
1310385
1307893
1304439
1305202
1301359
1306076
1307227
1301333
1309245
1310134
1302359
1303875
1308239
1308288
1310090
1310026
1309073
1308884
1303386
1300386
1300711
1305336
1307850
1307235
1307754
1301658
1303145
1305268
1310270
1310925
1305840
1304171
1310317
1302294
1305559
1310472
1303888
1300094
1306813
1301401
1308581
1300904
1308661
1301428
1306297
1307775
1307769
1305685
1302463
1303872
1306684
1302490
1307487
1307290
1307240
1301684
1307819
1302124
1300289
1306833
1301007
1308232
1303666
1301592
1309303
1307296
1304660
1301116
1308462
1307626
1307509
1300642
1307656
1307409
1308499
1306268
1309891
1303863
1302749
1306785
1301375
1310955
1301369
1303844
1300908
1306335
1310172
1304411
1309457
1304892
1306894
1302584
1305495
1303916
1309540
1302807
1310166
1301960
1301538
1304292
1309772
1308690
1309108
1303391
1301108
1303354
1307104
1309159
1306581
1300580
1300368
1310022
1302432
1304258
1310549
1305871
1300813
1302069
1305327
1303638
1310124
1301587
1309502
1308651
1303880
1300753
1304635
1306911
1304196
1309118
1301959
1310799
1309418
1303854
1309361
1300548
1308397
1307154
1308324
1302442
1308879
1301953
1300503
1307475
1304379
1301315
1308257
1306317
1301690
1303064
1310481
1301396
1303557
1304527
1301814
1301860
1308735
1303182
1300913
1310004
1305689
1310893
1305963
1304125
1307052
1304998
1300877
1306231
1306596
1310424
1307976
1304863
1300588
1307741
1308436
1306506
1307016
1303373
1306886
1303637
1310352
1309941
1304060
1310378
1309397
1302898
1310923
1300729
1300728
1310966
1306745
1300494
1301466
1309346
1301835
1310643
1305409
1301111
1303216
1305469
1302778
1300638
1307355
1301167
1303020
1304568
1308365
1303885
1304277
1304188
1300670
1305669
1308925
1307203
1308226
1307932
1301135
1309919
1310824
1300948
1304489
1301934
1310537
1306354
1304311
1307755
1309778
1303582
1304432
1303365
1310867
1304701
1302392
1307350
1304626
1308169
1302046
1300819
1309219
1302907
1310708
1309813
1303654
1300858
1306260
1306358
1303254
1300847
1302057
1301884
1309305
1306515
1304005
1306646
1310594
1300672
1309165
1307546
1301069
1305350
1303136
1301898
1303334
1307446
1309559
1309615
1300518
1309525
1301951
1309170
1305143
1303054
1309535
1307163
1300712
1309515
1307286
1304640
1302386
1308011
1305851
1305888
1306311
1300381
1307324
1306621
1307640
1307385
1308167
1306362
1305290
1310989
1310506
1306425
1310701
1302589
1304705
1306617
1301752
1305593
1300896
1308824
1309052
1309490
1303469
1309583
1303122
1307903
1307813
1303838
1306047
1309314
1301489
1310321
1302645
1306375
1302219
1310416
1306900
1307684
1307253
1305195
1305404
1309433
1309358
1303534
1308576
1308478
1303099
1301342
1304488
1310409
1304529
1304061
1303952
1306419
1301700
1307189
1302905
1304276
1310656
1304505
1308337
1304435
1308788
1307422
1301034
1301812
1300625
1302289
1309420
1304166
1306832
1304129
1303221
1307862
1302793
1304786
1306932
1305480
1310488
1306139
1308024
1301109
1307195
1305623
1303790
1305125
1300334
1307749
1300109
1302251
1300129
1307708
1302176
1308358
1302967
1308567
1303822
1302499
1306307
1306234
1309874
1308604
1306578
1309931
1302591
1304848
1303922
1310542
1300324
1310859
1307105
1307727
1309571
1309936
1309533
1300459
1310336
1306533
1306022
1306835
1300993
1307257
1307534
1301131
1309238
1306653
1303288
1304207
1309313
1310236
1301672
1300665
1309862
1301822
1304667
1301382
1301186
1306012
1304326
1306660
1309288
1303517
1306893
1303308
1304753
1302077
1310292
1309761
1306441
1303602
1308825
1310629
1307770
1300151
1304980
1300061
1304983
1301817
1307531
1306917
1304431
1302372
1305779
1300761
1306049
1309412
1302723
1308183
1310469
1307407
1301878
1308494
1302059
1307405
1307039
1310273
1302376
1310997
1310163
1305600
1305172
1306597
1301755
1306672
1308449
1307795
1305197
1301370
1305342
1308823
1305625
1301674
1310073
1303905
1309482
1309759
1300888
1306671
1306415
1307433
1308626
1307853
1304416
1303445
1309080
1308603
1300184
1302806
1308010
1302411
1310724
1308128
1305982
1307389
1309461
1303296
1302951
1300039
1304688
1310370
1306410
1309558
1305878
1308987
1304933
1300169
1305870
1309633
1301974
1308172
1310324
1303259
1302429
1305595
1302724
1300090
1306547
1303161
1304206
1306579
1307025
1309856
1307049
1303053
1300890
1302739
1303556
1305843
1304013
1300883
1304676
1303744
1310095
1300684
1310696
1308131
1310764
1310680
1304902
1303073
1301776
1307955
1300664
1308098
1309578
1304279
1303189
1304946
1309450
1309812
1309699
1303131
1307750
1309887
1307918
1308974
1306942
1306514
1310226
1304747
1302336
1301527
1300627
1306236
1310911
1307966
1303035
1301259
1302973
1302026
1307064
1309138
1304994
1300516
1303795
1306464
1307810
1303165
1302297
1300530
1309001
1308712
1300926
1302260
1300755
1307989
1305194
1304954
1310367
1303235
1305278
1305221
1306676
1300585
1301962
1309619
1302916
1304650
1304818
1303092
1306121
1305938
1310558
1304041
1300972
1308109
1304895
1308947
1305007
1302309
1300531
1309565
1309770
1300073
1301477
1300215
1304772
1302839
1307196
1300287
1301198
1304106
1309630
1309585
1300323
1302651
1307838
1302325
1307258
1301808
1302870
1310101
1304745
1310670
1301736
1305223
1307328
1309777
1303421
1307898
1303212
1307329
1304881
1303848
1310402
1309441
1303911
1307532
1309564
1303162
1309353
1307501
1304473
1306951
1300617
1310780
1309322
1300102
1310967
1305607
1305994
1309153
1303986
1303200
1304350
1310761
1301289
1306459
1305132
1306136
1305232
1305706
1302266
1302240
1300749
1309240
1303687
1306807
1300182
1303927
1306778
1305490
1306150
1303078
1302848
1305241
1301907
1309577
1303630
1310313
1308719
1303388
1310461
1300167
1304835
1307597
1300259
1306569
1302534
1303537
1307994
1306901
1301399
1305337
1301607
1307887
1306589
1310027
1305818
1300911
1303641
1302831
1308048
1303563
1309643
1301795
1307863
1309271
1309514
1304896
1309387
1307268
1306563
1308323
1307194
1304549
1305928
1301119
1309064
1306591
1307273
1304287
1309688
1303110
1306313
1300118
1302727
1305999
1305512
1306999
1303742
1303902
1308480
1301311
1309537
1301484
1307959
1305624
1301104
1304925
1307376
1304187
1303616
1310847
1307969
1302211
1309529
1309016
1308262
1310837
1305496
1307703
1301900
1300543
1305586
1307783
1301217
1301410
1301345
1305109
1309162
1305514
1308214
1306149
1302612
1304122
1302022
1306973
1305741
1300463
1308402
1307641
1301178
1305003
1306463
1303685
1302073
1309857
1307803
1309181
1308848
1300373
1302629
1310841
1307210
1304563
1304073
1302314
1305947
1302381
1303833
1305014
1303697
1304433
1306823
1300113
1302953
1301352
1304870
1302417
1304939
1308936
1304500
1302936
1301675
1300429
1300994
1306883
1308860
1300084
1304067
1308310
1300941
1302225
1306712
1310217
1303349
1307029
1301452
1303801
1301758
1306920
1300837
1310293
1309366
1304351
1307084
1305050
1302347
1302424
1301349
1306424
1308046
1304577
1303804
1307978
1301412
1305667
1308922
1307250
1307413
1308082
1301867
1304485
1304526
1309741
1307097
1305777
1306298
1308564
1305869
1307080
1303494
1300380
1301404
1303954
1301770
1300037
1301760
1308694
1306487
1306295
1301891
1309893
1303447
1303857
1308676
1304682
1300590
1308842
1306144
1304820
1309748
1310011
1303477
1300581
1304742
1310283
1306078
1303876
1304698
1303171
1307812
1303539
1309155
1308599
1303319
1303662
1303051
1302746
1302817
1305957
1310017
1304231
1302518
1305775
1306931
1310028
1307891
1302733
1309191
1301260
1308053
1304463
1305486
1303343
1301794
1310898
1301604
1308331
1304840
1301653
1303821
1302688
1306657
1309845
1310690
1300434
1302890
1301152
1300866
1309398
1302391
1309934
1306188
1303101
1304222
1305852
1308530
1302387
1301984
1305083
1305763
1308772
1309297
1307486
1307521
1303558
1308025
1304811
1310137
1300519
1303077
1310548
1310960
1308225
1302822
1300875
1305230
1310639
1309846
1309018
1308344
1300101
1303626
1308577
1308078
1309580
1302243
1304945
1308856
1303756
1303286
1302632
1303475
1300244
1306306
1302346
1309764
1306542
1302606
1301937
1308065
1305974
1308889
1309567
1308386
1302537
1304661
1303117
1305680
1305330
1305321
1308578
1306032
1310096
1304879
1303364
1308580
1309492
1308079
1302107
1309223
1300594
1307125
1304192
1307404
1308892
1302949
1302375
1307875
1307646
1310582
1300333
1306663
1301156
1305177
1302904
1306328
1301385
1301192
1301714
1305993
1301054
1309668
1302015
1307557
1302563
1310187
1308001
1304927
1309560
1303941
1309563
1301662
1302893
1308950
1302950
1306704
1302396
1302957
1309617
1307990
1303977
1307763
1310397
1310853
1307455
1309587
1301605
1307638
1305983
1303274
1301520
1309363
1301810
1301231
1302254
1307027
1308769
1302455
1306051
1300678
1307979
1309405
1302592
1304887
1300119
1302407
1309491
1303088
1306800
1306097
1304289
1310204
1305551
1302414
1310497
1310934
1308541
1301330
1303647
1303173
1301734
1305865
1307428
1302588
1300812
1300703
1301165
1307435
1308931
1306320
1301044
1307726
1304883
1310271
1305571
1301992
1302318
1307733
1301019
1309905
1310149
1303532
1305398
1304966
1305538
1308920
1306750
1305334
1300779
1301548
1306321
1303825
1307771
1307946
1307469
1302881
1310514
1309972
1304232
1300957
1306190
1305504
1303248
1305429
1303194
1301889
1310935
1303568
1304319
1309906
1302323
1300910
1305372
1308216
1303851
1307274
1303396
1303118
1304861
1308185
1300951
1310704
1300421
1305345
1307091
1302109
1301710
1305955
1310059
1308384
1301442
1303945
1305388
1310642
1304057
1300593
1302090
1306658
1310478
1300080
1304342
1310610
1305890
1309837
1305520
1304390
1300620
1304078
1309107
1306374
1300394
1310480
1304851
1307031
1310519
1300095
1300561
1304617
1307543
1303106
1310435
1310100
1303416
1303861
1304616
1307114
1302780
1310118
1310010
1308597
1310896
1303904
1306292
1301738
1308489
1302479
1309447
1306548
1301402
1309480
1302924
1301707
1304288
1307143
1303414
1304836
1302401
1310310
1303454
1300036
1304254
1306411
1307915
1306187
1301988
1309143
1308272
1309438
1308103
1303849
1305489
1300978
1305522
1305145
1300870
1309453
1309501
1306721
1310540
1303722
1301669
1308876
1300525
1307696
1300498
1307223
1301171
1306094
1309120
1308076
1301143
1305816
1300015
1300490
1301393
1310914
1304805
1304665
1309847
1309797
1308035
1300135
1301726
1300021
1300886
1309783
1309751
1308761
1300901
1304754
1301644
1303467
1303754
1309908
1300760
1310089
1306638
1303468
1306001
1309284
1300504
1309639
1303239
1302256
1310269
1309267
1308018
1301268
1300570
1307058
1309150
1301826
1306914
1309808
1300885
1304956
1301972
1302066
1305210
1310902
1303957
1301267
1309474
1304538
1301141
1302624
1310449
1303859
1307359
1309109
1301661
1305379
1302151
1300644
1305732
1307372
1308036
1304845
1304680
1306289
1305129
1308130
1304370
1306271
1306353
1301747
1301767
1308477
1300277
1305659
1304908
1307217
1306773
1305010
1310068
1300222
1306884
1305135
1307660
1304767
1308312
1302639
1302183
1310349
1301425
1308635
1310581
1301196
1306279
1300780
1304578
1304869
1305403
1301491
1310654
1308047
1305006
1301921
1300098
1305235
1300916
1305759
1306172
1301414
1306770
1308361
1309178
1302771
1308210
1302186
1303720
1308176
1307618
1304030
1304360
1305234
1309841
1304934
1310463
1308767
1307739
1304359
1309781
1305864
1301110
1305182
1302048
1307781
1304971
1301759
1303696
1301602
1306440
1302489
1305589
1307655
1309991
1303431
1302775
1310171
1309449
1302491
1309912
1305803
1302886
1301929
1302362
1300954
1300172
1309614
1308733
1309068
1301081
1303599
1310108
1305450
1308316
1303436
1310742
1303289
1310948
1308152
1302457
1301541
1302210
1304062
1302224
1303324
1307605
1307516
1309561
1304281
1302976
1310554
1304770
1305750
1306486
1302287
1304007
1300103
1309485
1301781
1304218
1310723
1302622
1302460
1308763
1310748
1303826
1309498
1300471
1300086
1303291
1308045
1303621
1301940
1302038
1304765
1310817
1310251
1309458
1310531
1306504
1302682
1301456
1302506
1305094
1300212
1303989
1303258
1310002
1303311
1302667
1305656
1310343
1309231
1300426
1300233
1306191
1308744
1302642
1307087
1309866
1307953
1303610
1302132
1303898
1309116
1303674
1300173
1307551
1302390
1304305
1309822
1300745
1309332
1310398
1304466
1306724
1305204
1308728
1305995
1303372
1300634
1303043
1303908
1305477
1306763
1303882
1308997
1308354
1302415
1304921
1305813
1309937
1304670
1304711
1304480
1305071
1308702
1300017
1303389
1310228
1300193
1306759
1301252
1309410
1307608
1300706
1305910
1300995
1310541
1302911
1310651
1302562
1304356
1304168
1305157
1305583
1300693
1302963
1308967
1306499
1307311
1300930
1308758
1306053
1307698
1310952
1305371
1305931
1301711
1303016
1300196
1310725
1302144
1309065
1310298
1304837
1300332
1306021
1308372
1305082
1310924
1302857
1305789
1300705
1308672
1301154
1309641
1305908
1310179
1305561
1308471
1303965
1304534
1302871
1305438
1308759
1302130
1306500
1306628
1304465
1305474
1300146
1303074
1308600
1309367
1300392
1306114
1305022
1308302
1300868
1300860
1307652
1304162
1309106
1306386
1301057
1307358
1308125
1304812
1301115
1307957
1300462
1306761
1301224
1304420
1309072
1304624
1308261
1302333
1308295
1302475
1300359
1306929
1310483
1309057
1307164
1310224
1306836
1305694
1303765
1304703
1301483
1307832
1310487
1310465
1309163
1309202
1306556
1301055
1304392
1306555
1309124
1308135
1306104
1305911
1301852
1306599
1309637
1304874
1308796
1305687
1304150
1307711
1302158
1300470
1307197
1305034
1301762
1300891
1310796
1308207
1306040
1303842
1305691
1307233
1300130
1301599
1307466
1304407
1307255
1300124
1310189
1300814
1303951
1302000
1308640
1305686
1306232
1310787
1307914
1302532
1303673
1300946
1307439
1306235
1302662
1301925
1310709
1310625
1306413
1309448
1307866
1309507
1301570
1310631
1301063
1302838
1302761
1304178
1302196
1308049
1307044
1302923
1305164
1308699
1310636
1304441
1303229
1310074
1306316
1300691
1303994
1303629
1306071
1301846
1302486
1308319
1304885
1305739
1304876
1308582
1306286
1309661
1310477
1310508
1301696
1302190
1307314
1307911
1306798
1308547
1302316
1300574
1300411
1304598
1307420
1301858
1301348
1303982
1308752
1309244
1300823
1306489
1308005
1309431
1304609
1306732
1309672
1301847
1308569
1301663
1309595
1303337
1304109
1305312
1308832
1306682
1303215
1309634
1307119
1310183
1309942
1308681
1305618
1310088
1306060
1309704
1301340
1306267
1307341
1306451
1300137
1302086
1302139
1309091
1307467
1302917
1301757
1300002
1301659
1304599
1307465
1302025
1300275
1302596
1301558
1300547
1304378
1307070
1310351
1310863
1309894
1306701
1308996
1306293
1306346
1303202
1300079
1308652
1306370
1308906
1307917
1303188
1307977
1301803
1306616
1303812
1305965
1304930
1304404
1305646
1305757
1307998
1303531
1307834
1306729
1309938
1304091
1303837
1304475
1310520
1306566
1309872
1305588
1307760
1308869
1300579
1306031
1300602
1310112
1307216
1305781
1310968
1305259
1308112
1307128
1309092
1303199
1307777
1302444
1308069
1302583
1305328
1308042
1305079
1305826
1303003
1308470
1310322
1305652
1300835
1310534
1303710
1304504
1302076
1302061
1300242
1307042
1304556
1303028
1300203
1303973
1302590
1300376
1300575
1308710
1310693
1305581
1310384
1301802
1307567
1306484
1310359
1307507
1308794
1303990
1304087
1303865
1310750
1300599
1300807
1303817
1301523
1308285
1309316
1302993
1305478
1300989
1303072
1307508
1302474
1305715
1307390
1308858
1302357
1307965
1305630
1302317
1304499
1309510
1305018
1308314
1301228
1303076
1305764
1300689
1301245
1301612
1302960
1306733
1300330
1304126
1306148
1304141
1301756
1309272
1302495
1308253
1306302
1307872
1306002
1305039
1306822
1303163
1305545
1305712
1302331
1301515
1300929
1305031
1306982
1306393
1302526
1304546
1304398
1302819
1300440
1302471
1310286
1301197
1310372
1303581
1300650
1304189
1300677
1308746
1301107
1301728
1306845
1305976
1310685
1307616
1303680
1301989
1306129
1309259
1308154
1303424
1310576
1308518
1301507
1301474
1308768
1304567
1305948
1305700
1302841
1307865
1306915
1306877
1305553
1305770
1309844
1302448
1301779
1305801
1302062
1310462
1308458
1306422
1302975
1304532
1300500
1300138
1306640
1304261
1300669
1304864
1304164
1305649
1305642
1301426
1309291
1304158
1308481
1302320
1300040
1305518
1302783
1305200
1305882
1302947
1306762
1300447
1309365
1305248
1305140
1303967
1306192
1307845
1300624
1307277
1307392
1301495
1305106
1302327
1303652
1309497
1303160
1302365
1307798
1309211
1305521
1304273
1303415
1308613
1304340
1303112
1303896
1309618
1301652
1304043
1305696
1303351
1304723
1306006
1300879
1306247
1302203
1304880
1303026
1304002
1309880
1302351
1308211
1301688
1306296
1306636
1306828
1300551
1308666
1306526
1310051
1308014
1301182
1304038
1300737
1303576
1304306
1302194
1306083
1308391
1302006
1303542
1302493
1308068
1303502
1300364
1300899
1308969
1309551
1307436
1301824
1305693
1300716
1308693
1301521
1304110
1308915
1308720
1303498
1305528
1304677
1300909
1310792
1301912
1300536
1301914
1303123
1309670
1303381
1307400
1303659
1301244
1307627
1310749
1306810
1302721
1307674
1304506
1300645
1304790
1308778
1309142
1305300
1300474
1310475
1300205
1310588
1307732
1303642
1303284
1310177
1302298
1300357
1307489
1308455
1305673
1303295
1310093
1307687
1300988
1310681
1300656
1307545
1306437
1301317
1306700
1307552
1304987
1307188
1306478
1307707
1309099
1308111
1309255
1300402
1301543
1307790
1303377
1307496
1310809
1307645
1308220
1310904
1302666
1300406
1303663
1303040
1305440
1302849
1306356
1308424
1303459
1302695
1309357
1302484
1307384
1310207
1302985
1305264
1303707
1300990
1305406
1300155
1305997
1305357
1303333
1309270
1301958
1310632
1308614
1303728
1304300
1300224
1305860
1308203
1302301
1310689
1302020
1308062
1302305
1301942
1308425
1300614
1304272
1304146
1306056
1301389
1301699
1301821
1301211
1302195
1301952
1302021
1305916
1301326
1309545
1302785
1303779
1308067
1308398
1308186
1300063
1309804
1310023
1302846
1309452
1307325
1306336
1310380
1308961
1304615
1300304
1306846
1309333
1302399
1304800
1308836
1306342
1308786
1310038
1310223
1301577
1309243
1310803
1306965
1301160
1307856
1306228
1309599
1301773
1305273
1310874
1310192
1306079
1307155
1303089
1309247
1306805
1300225
1307061
1310306
1303180
1309611
1306495
1309752
1303149
1306825
1302058
1310482
1308468
1303147
1307642
1310599
1301876
1300560
1306046
1300582
1306713
1303405
1307612
1308108
1300675
1310976
1306344
1306015
1308208
1307192
1309786
1310908
1303440
1303802
1300142
1309403
1309190
1306689
1303860
1308568
1309602
1309032
1309359
1310261
1305176
1300000
1307897
1304841
1302900
1306059
1303745
1303608
1305002
1310432
1300692
1307335
1307824
1302784
1300848
1309589
1301384
1307583
1305219
1308685
1310304
1306214
1307713
1303572
1306417
1308266
1309195
1306878
1302508
1309791
1305072
1308968
1302768
1301861
1310617
1303277
1302814
1305041
1308872
1309149
1308985
1305575
1300219
1305382
1306357
1310430
1309000
1301037
1309744
1305751
1307740
1310418
1306240
1310422
1302971
1310990
1309356
1309444
1304322
1304040
1306508
1307214
1301667
1304301
1307621
1305853
1310551
1310355
1303930
1310663
1309213
1305893
1310833
1309434
1309152
1300790
1306751
1308343
1309706
1304645
1310811
1306407
1305626
1309916
1306543
1304509
1309090
1303841
1303741
1309088
1301706
1304915
1305681
1305606
1304223
1302311
1301947
1302029
1304801
1310295
1301218
1308627
1306404
1305192
1309128
1301266
1305284
1300263
1308606
1308351
1304981
1310257
1305299
1306100
1307402
1302820
1306183
1305035
1302835
1301981
1308234
1300482
1305370
1302640
1306439
1301243
1303187
1308971
1309058
1308668
1306008
1301513
1304900
1302166
1308956
1310033
1308206
1303540
1306771
1309616
1310528
1302049
1303203
1301731
1307272
1306927
1307348
1307190
1301514
1300851
1310543
1310621
1301582
1300740
1304515
1300487
1303380
1302181
1302288
1302480
1309111
1303141
1302216
1302759
1306238
1302912
1309300
1310630
1307787
1301455
1310526
1307380
1309513
1301655
1308349
1301419
1301850
1303670
1305442
1300362
1302879
1310729
1306806
1303541
1304918
1303244
1307814
1306856
1301084
1308429
1300057
1304173
1301237
1309604
1300056
1307995
1307415
1306904
1301169
1301924
1300104
1309070
1309069
1302445
1308618
1301407
1310087
1302064
1303808
1309266
1305967
1307584
1306299
1310678
1304769
1305184
1307444
1303533
1306280
1300136
1306345
1306130
1310299
1303555
1304438
1307518
1301639
1301415
1307956
1306366
1308559
1308163
1309532
1308115
1303778
1301687
1304853
1303984
1309980
1303504
1305175
1310613
1300515
1302354
1307441
1300521
1303086
1301238
1310182
1300618
1306585
1307746
1302952
1305603
1310698
1306824
1310801
1301895
1304916
1309030
1301318
1308909
1302302
1310991
1310959
1308994
1305943
1307480
1305111
1304385
1304157
1310288
1304550
1304424
1310928
1306523
1307331
1309189
1309021
1309336
1302034
1307527
1309943
1306326
1300657
1304962
1303956
1302782
1306990
1305576
1310916
1306142
1309122
1306350
1308332
1305896
1310766
1305515
1300093
1303356
1306905
1300601
1302012
1307370
1301431
1308630
1308450
1301361
1301816
1303677
1306892
1302935
1308147
1307450
1303158
1302167
1307434
1310578
1305904
1310607
1310490
1301531
1309610
1302840
1306123
1303153
1307037
1301356
1301275
1301790
1310067
1310860
1307281
1302119
1302005
1306633
1305282
1305682
1301068
1306505
1305073
1302469
1304593
1310820
1305655
1310591
1310536
1302693
1304761
1305110
1306983
1303307
1301572
1302635
1303335
1306055
1304197
1308393
1300274
1307808
1303894
1300619
1309386
1300676
1303789
1309816
1305987
1300889
1309516
1302425
1310731
1310593
1302678
1301360
1300861
1302226
1302850
1308440
1307060
1310623
1300183
1307116
1304016
1302545
1304009
1302052
1305564
1308153
1304707
1305950
1305722
1307564
1302572
1309379
1305281
1304566
1301239
1300417
1303329
1303836
1302989
1309835
1310758
1308346
1309750
1302209
1307939
1300016
1306811
1300352
1310312
1308791
1302290
1309425
1304639
1304630
1304293
1305262
1301636
1308342
1309135
1307212
1302241
1301668
1308973
1300176
1304151
1305766
1310983
1304988
1310807
1309651
1300085
1300009
1307259
1304643
1309644
1309831
1310116
1306843
1301648
1306590
1308395
1302045
1306185
1304920
1302459
1308861
1310936
1305891
1302051
1305260
1310515
1306207
1307229
1307120
1302735
1303138
1305303
1306082
1300286
1301949
1307705
1302578
1303835
1301038
1307901
1303198
1300425
1308322
1306041
1303435
1309085
1300528
1304033
1309799
1305796
1308374
1303809
1310246
1303585
1310267
1310174
1304415
1305113
1300522
1306334
1306361
1308087
1301292
1309304
1307098
1303007
1304627
1307839
1304074
1302234
1305128
1301833
1310733
1310433
1304696
1307213
1305086
1309242
1303190
1306377
1302016
1302972
1302929
1302426
1301980
1300709
1304296
1307032
1303651
1304579
1310838
1306160
1300096
1302136
1307215
1303465
1300872
1307513
1304027
1308673
1305811
1304525
1307906
1308476
1308362
1305804
1301408
1300297
1305030
1306319
1302165
1302852
1303108
1307267
1309982
1309103
1302293
1303955
1304513
1310589
1306498
1308093
1304999
1302797
1302462
1300318
1308291
1302017
1306062
1302995
1300451
1308290
1310920
1309292
1306626
1304717
1305705
1300863
1310347
1304919
1309310
1306719
1302998
1309249
1310947
1307173
1308830
1309725
1310368
1310427
1300443
1307035
1302222
1309228
1301221
1307278
1309475
1302482
1302745
1307659
1303094
1304421
1303751
1304796
1303667
1310356
1300928
1310954
1304517
1306068
1308491
1306019
1304982
1308822
1308750
1305552
1301062
1308792
1303107
1305828
1308242
1310448
1308820
1301041
1307663
1300038
1309807
1301768
1310840
1302792
1307209
1305511
1302043
1303972
1304225
1310016
1303348
1303029
1306038
1308548
1308338
1301114
1309568
1307046
1301225
1303725
1302577
1301366
1305183
1303867
1303102
1302093
1306575
1301351
1300489
1300288
1307949
1309342
1305610
1303552
1309344
1306360
1304589
1309901
1309269
1310169
1310894
1302259
1300950
1301208
1309274
1308834
1301801
1304544
1307623
1307715
1309573
1309766
1310014
1303084
1303271
1306479
1309600
1306891
1307849
1303126
1310759
1305046
1302296
1302338
1308512
1304076
1307619
1301991
1305432
1305279
1301189
1300981
1303046
1307001
1302618
1306115
1310770
1309596
1306378
1307603
1300776
1303843
1308543
1301033
1305815
1303080
1301792
1308091
1300646
1300817
1307874
1303858
1303096
1303419
1305400
1305305
1305925
1305173
1303193
1307451
1301251
1305311
1302948
1302665
1309185
1304522
1301704
1308263
1308587
1306612
1300556
1300523
1304651
1309574
1309215
1300831
1308591
1309671
1304274
1308687
1304045
1304317
1302753
1308965
1309632
1304203
1308642
1301785
1302200
1301877
1304384
1305384
1301002
1302308
1302204
1306227
1305762
1303929
1307879
1306838
1302228
1307113
1307730
1305049
1306447
1308628
1307625
1300302
1305124
1301996
1304662
1301516
1306131
1308803
1303689
1307590
1309024
1300240
1308456
1307144
1301805
1301269
1309324
1307968
1308662
1300615
1307062
1310393
1310417
1307081
1304592
1305534
1309662
1310507
1306598
1305301
1301397
1302275
1301964
1301488
1308486
1309404
1301561
1305767
1308095
1305340
1310726
1300322
1302926
1305959
1301709
1300162
1305317
1308244
1302834
1300770
1304423
1308352
1301935
1304823
1307533
1310881
1307424
1306664
1303622
1306310
1309056
1308908
1308592
1300217
1306909
1303192
1302236
1303786
1308032
1300427
1306912
1306649
1309350
1304148
1305915
1300399
1309718
1302709
1304833
1303139
1308554
1308549
1309352
1302637
1301395
1308092
1306217
1300377
1303811
1300663
1310721
1301207
1303717
1309638
1301848
1303869
1307582
1301459
1304741
1303518
1305836
1304733
1301635
1304890
1302738
1303546
1308281
1310602
1307122
1302913
1309294
1307367
1308390
1308099
1306348
1307028
1300190
1302092
1301421
1307252
1307757
1301179
1310706
1304636
1303871
1308466
1307624
1306164
1306257
1303920
1304995
1300278
1307316
1305612
1310211
1309188
1305353
1309871
1301614
1308888
1303191
1308703
1310147
1306146
1300247
1301159
1309794
1309650
1303430
1306359
1306974
1302068
1302529
1300943
1309546
1308191
1307302
1301332
1300763
1301121
1307704
1305727
1302854
1302889
1309417
1307055
1300907
1300540
1302353
1302091
1302863
1302483
1304331
1309955
1310580
1304400
1303887
1308422
1301575
1305847
1304514
1303410
1300132
1308531
1302754
1303923
1300448
1305104
1307683
1301735
1309462
1303505
1303002
1303281
1300391
1300223
1305724
1305841
1305481
1302718
1305672
1304558
1309216
1308000
1304124
1310122
1308321
1303524
1301498
1310131
1307924
1310675
1310568
1308221
1308550
1301970
1304006
1307587
1307093
1308926
1302744
1307244
1302245
1307220
1303082
1300189
1300726
1308707
1305688
1301503
1301584
1308933
1301641
1301692
1305776
1309684
1310005
1310736
1301032
1305037
1310395
1303962
1308136
1310401
1300059
1306706
1305554
1303444
1304508
1302564
1310454
1308325
1300475
1309646
1303265
1307654
1304673
1308821
1300186
1302450
1304749
1300131
1304604
1300497
1302996
1307622
1301009
1309970
1303047
1309413
1302129
1310354
1305918
1310496
1307565
1308143
1308368
1303577
1306862
1305136
1303671
1300757
1310151
1307090
1309909
1300220
1305427
1306218
1301381
1300283
1305616
1300794
1309723
1302888
1305063
1300163
1304082
1300202
1308639
1300473
1310429
1307131
1302568
1303681
1306565
1306138
1301172
1306728
1303708
1306694
1300354
1307677
1310618
1300798
1309636
1302270
1305930
1308670
1307633
1303650
1305178
1304401
1309066
1302108
1300809
1305457
1305430
1310213
1310092
1301280
1308529
1310574
1306970
1305674
1303340
1305294
1303217
1307762
1309362
1306977
1303715
1310945
1305422
1307431
1308473
1307322
1301462
1305587
1306122
1305830
1309035
1303574
1304234
1308667
1303378
1305879
1306436
1305206
1303649
1305483
1305209
1307309
1300524
1310316
1301481
1310278
1310649
1308174
1305242
1307861
1306681
1304241
1300326
1301703
1302694
1306237
1307833
1300375
1302206
1308551
1305456
1304602
1303121
1303553
1304436
1300742
1303124
1306099
1310440
1309965
1310484
1310839
1305485
1305880
1310745
1304092
1300049
1302155
1303840
1308015
1303764
1302538
1305213
1303241
1301471
1310788
1305218
1306329
1306169
1303471
1304235
1301036
1308511
1300187
1307665
1305198
1309986
1303250
1304008
1306154
1308765
1300469
1305832
1306157
1302364
1306953
1309802
1302868
1304410
1300209
1309979
1300694
1306204
1305293
1310563
1304799
1308134
1305070
1309483
1304088
1308033
1300937
1304678
1306179
1304642
1300788
1310020
1310000
1310909
1302690
1307398
1301537
1303287
1301142
1309954
1305940
1305434
1307492
1309409
1308770
1304167
1309416
1308274
1302748
1309302
1303268
1300502
1304358
1310794
1303873
1306029
1308236
1301206
1306216
1301297
1305771
1300932
1302277
1301256
1301126
1301765
1308977
1305008
1308864
1310248
1305296
1305393
1309226
1306849
1306044
1300383
1302198
1301157
1310662
1310738
1300466
1305809
1309952
1306539
1300727
1307234
1302481
1305594
1300395
1309374
1309146
1302229
1306545
1302472
1301744
1308686
1301905
1302123
1301127
1303387
1300632
1304706
1303906
1310797
1309994
1305639
1306549
1305100
1302143
1300947
1306429
1301813
1309026
1300604
1307224
1300724
1310926
1306223
1304926
1305540
1305946
1309055
1304901
1309989
1310203
1310294
1302135
1309007
1308644
1300424
1303369
1309995
1307738
1308982
1306938
1304313
1310564
1308815
1303538
1302999
1304829
1305464
1302373
1308607
1305245
1307984
1303437
1303069
1305663
1305026
1303480
1300764
1308230
1305867
1306275
1301616
1307237
1304641
1300662
1302352
1302927
1308028
1307505
1310258
1301203
1306054
1309544
1307578
1307735
1308166
1303970
1308783
1304528
1310570
1302367
1310420
1303750
1306955
1310816
1301138
1308213
1310876
1308061
1310885
1310499
1304156
1300053
1304940
1306255
1301328
1306699
1308052
1301028
1302157
1308474
1308612
1310341
1306749
1302437
1305023
1308988
1308133
1301379
1303726
1310668
1310075
1303879
1304037
1303473
1310319
1308377
1310155
1310856
1302585
1305897
1306784
1307321
1302887
1307867
1303008
1307940
1308341
1308371
1310872
1306193
1302520
1309078
1306673
1305701
1304798
1306615
1301184
1307374
1306137
1302553
1308399
1300816
1306125
1308413
1303995
1310142
1304108
1305390
1305212
1305089
1302055
1300836
1308782
1308696
1302202
1304795
1301354
1309495
1309958
1300495
1304334
1301133
1307391
1307294
1307717
1309830
1308901
1307263
1302446
1301818
1305709
1302322
1303828
1306648
1304973
1304374
1305291
1309983
1308333
1309337
1307697
1304906
1307399
1309136
1304144
1302638
1310388
1306284
1302339
1302547
1301177
1300704
1306679
1300350
1301718
1304449
1306388
1308308
1305463
1309169
1305185
1310318
1306294
1305634
1305304
1308562
1301623
1305569
1309429
1307635
1307082
1307291
1310473
1301788
1303551
1302106
1302468
1303740
1307536
1306455
1303178
1302615
1300783
1302619
1308180
1310154
1302439
1302873
1302865
1302946
1303323
1302494
1303079
1302530
1304542
1303441
1305536
1306746
1303170
1302908
1308900
1303362
1307208
1308127
1310210
1305052
1306764
1307020
1307890
1307878
1300576
1302773
1302828
1303856
1308654
1310157
1307857
1303530
1302740
1301722
1306919
1301670
1301040
1303597
1304461
1303961
1303027
1310597
1310102
1305424
1301438
1302939
1309915
1305252
1308409
1310128
1300461
1301983
1310973
1305420
1305609
1304684
1309895
1308701
1308828
1303048
1305227
1301105
1305645
1302170
1309225
1309795
1302794
1306748
1301836
1308533
1304470
1300960
1303850
1306497
1300640
1303981
1309199
1308336
1302358
1310739
1307271
1309451
1302600
1303653
1304304
1305487
1307592
1302569
1301270
1304932
1303479
1305378
1304185
1309721
1310732
1307151
1310346
1304583
1307829
1307416
1310640
1309171
1302715
1302895
1307069
1306899
1309033
1302734
1303966
1304328
1300030
1307292
1305418
1300778
1305343
1302660
1307368
1310984
1301927
1308175
1305602
1306830
1305517
1302395
1305654
1303279
1309265
1300953
1305271
1310042
1303788
1308683
1306567
1305019
1308810
1300607
1310627
1303761
1305876
1301554
1300371
1307664
1304606
1307462
1309530
1309129
1300596
1303273
1304610
1307447
1307599
1308634
1308408
1302138
1307944
1309628
1303001
1303152
1302498
1304668
1310980
1304771
1308679
1302232
1304233
1302720
1303491
1304000
1309775
1304221
1305484
1310281
1307691
1308510
1300830
1301072
1308110
1300231
1304722
1307086
1300713
1304663
1303625
1305181
1302137
1303222
1304266
1306827
1300207
1301444
1304338
1309061
1302324
1304953
1308003
1301380
1303211
1301864
1301334
1303167
1309774
1305899
1302485
1305119
1303294
1305817
1305692
1304889
1307024
1310517
1305670
1310830
1302540
1306605
1308935
1303584
1304781
1307228
1306656
1301854
1302458
1310376
1301146
1310996
1305055
1306796
1306372
1301676
1300313
1310123
1307547
1301535
1309221
1309922
1304021
1303482
1305807
1309842
1302670
1307550
1306869
1309716
1309890
1306420
1305914
1304552
1309656
1300991
1305015
1305936
1307117
1307071
1302299
1310320
1302818
1310127
1308077
1309562
1307716
1300613
1308622
1300346
1300818
1301913
1301971
1303425
1304752
1307471
1304922
1308227
1301712
1308605
1301956
1309988
1304991
1308278
1309598
1300266
1308709
1307789
1302394
1305265
1305396
1308381
1307065
1305684
1310492
1310097
1300264
1302934
1301987
1306996
1303684
1306969
1310297
1308572
1305226
1300545
1301129
1308916
1300134
1300106
1303525
1310584
1305917
1304852
1302713
1300992
1305179
1303037
1302781
1308037
1309045
1305207
1304239
1309051
1308608
1309006
1303316
1305798
1302522
1305580
1307751
1306445
1304071
1302777
1301475
1308465
1308139
1305786
1310290
1305244
1306879
1305437
1303164
1308939
1301048
1300880
1304687
1304512
1309301
1300792
1302843
1310438
1303206
1300192
1304335
1304083
1307670
1304666
1305149
1310751
1307156
1307287
1310084
1309347
1302878
1310622
1303240
1307495
1303866
1306304
1303151
1301155
1305875
1304348
1303251
1310047
1306467
1306655
1310921
1305392
1301125
1309997
1309276
1310949
1302743
1301295
1307111
1306175
1310389
1302542
1307136
1305901
1300091
1302751
1310884
1307653
1302597
1308972
1300554
1302628
1307168
1309524
1307993
1301046
1305011
1305263
1307588
1309939
1303219
1306737
1310445
1310611
1304445
1310692
1309172
1301296
1306952
1307411
1301262
1302731
1304588
1302060
1302966
1303031
1300935
1300505
1302961
1309962
1303021
1302788
1305887
1310164
1303476
1305154
1300008
1303628
1307788
1301963
1301079
1309731
1301618
1304127
1303971
1306482
1300367
1303495
1306850
1300316
1309625
1300218
1308520
1301294
1308385
1302978
1301831
1300643
1304238
1307265
1309917
1302097
1306521
1306809
1309325
1308571
1310195
1302716
1305601
1308255
1305043
1309031
1301463
1306954
1308871
1309401
1303611
1302945
1300715
1304826
1302368
1307668
1302169
1307825
1302221
1310231
1302805
1310695
1306224
1300496
1300722
1304510
1300800
1301027
1303814
1310676
1301552
1308946
1305326
1306261
1302915
1309724
1304324
1310474
1300775
1309868
1305069
1301341
1304886
1308335
1308504
1308992
1307336
1307929
1310307
1300829
1301309
1300887
1303675
1310596
1301529
1307448
1307464
1307342
1308590
1304434
1305131
1306791
1309686
1307320
1308585
1309626
1310944
1307481
1310929
1300647
1302560
1300143
1306839
1308913
1304459
1308202
1304011
1308330
1307483
1310400
1304455
1309285
1310441
1304209
1306735
1302117
1306941
1306779
1303400
1302541
1308625
1310256
1304834
1300360
1307807
1300382
1301936
1305062
1306036
1305095
1310648
1303924
1306726
1301549
1305683
1304336
1300122
1301420
1303439
1310314
1300781
1305505
1307970
1305872
1310653
1309279
1307577
1302172
1301080
1301183
1306389
1303698
1310253
1307394
1304369
1303646
1306510
1301911
1303044
1305470
1310153
1306324
1308126
1310586
1309079
1306330
1307356
1300622
1306960
1307806
1309819
1302454
1304905
1307672
1301986
1308907
1306797
1305923
1304721
1302488
1305274
1304080
1310255
1304456
1306198
1301060
1303928
1302928
1307873
1305347
1307535
1300751
1304633
1307743
1309956
1306509
1306262
1308158
1303283
1307744
1301301
1306037
1301372
1306118
1307473
1303636
1304692
1305791
1308162
1301021
1303169
1303664
1303757
1310113
1309227
1301418
1307332
1304551
1308013
1300605
1306379
1305577
1308675
1307774
1307353
1305855
1305335
1303996
1310262
1305419
1302071
1303111
1306220
1302874
1301509
1308041
1309426
1304051
1308575
1305016
1300407
1301841
1308460
1301881
1310338
1305884
1303366
1303068
1306860
1305193
1304632
1304842
1304644
1309608
1305782
1302047
1307996
1300127
1307245
1310419
1300933
1309048
1301637
1303618
1302561
1301885
1302470
1307279
1303695
1304533
1303450
1304303
1309399
1302821
1310237
1303423
1304817
1301500
1302389
1309740
1300616
1305859
1301279
1306017
1309187
1303785
1305397
1301560
1300050
1306998
1304816
1302436
1308056
1307942
1309992
1304875
1304012
1309993
1304728
1302698
1309867
1307506
1306472
1300052
1305874
1307923
1300027
1309281
1309710
1302729
1303763
1307637
1307690
1304672
1303590
1308493
1304056
1302306
1310086
1310781
1301248
1304471
1310734
1301494
1310464
1307330
1305402
1308738
1300789
1300248
1309888
1309354
1304427
1309476
1305359
1308938
1307050
1305560
1305638
1300542
1307937
1305902
1309254
1305935
1306703
1304695
1302877
1303561
1302004
1303655
1309147
1310091
1310503
1307301
1302862
1309345
1308885
1310466
1308414
1306117
1306435
1307175
1304822
1301626
1308431
1304557
1309478
1305979
1310250
1302679
1306501
1308427
1301413
1308484
1305099
1309732
1304597
1305539
1307610
1308289
1304730
1302478
1302964
1300843
1307333
1307905
1307412
1310963
1310361
1301271
1309805
1301681
1303678
1307239
1310471
1301574
1306184
1307585
1307650
1303245
1304804
1305452
1304952
1303771
1304382
1302681
1309708
1301010
1301128
1310280
1300197
1304393
1305280
1308727
1304298
1306048
1303508
1310489
1303605
1300062
1306717
1309422
1301820
1303815
1303512
1309210
1307047
1305092
1304843
1307494
1300435
1301564
1305671
1304623
1301308
1309827
1304716
1300845
1304867
1302030
1310587
1309282
1309137
1304308
1303762
1310109
1307442
1300955
1309811
1300514
1309720
1300438
1309785
1306474
1306027
1307947
1303897
1303159
1300315
1305598
1304095
1303705
1308990
1301764
1306140
1301362
1308595
1304389
1300934
1307357
1306864
1303768
1303325
1300174
1307386
1310233
1302579
1303134
1305573
1306248
1305428
1307243
1308663
1307339
1309063
1304397
1300849
1305857
1300921
1302215
1306392
1303049
1306384
1301632
1301851
1310869
1303632
1307511
1310240
1303592
1307075
1301693
1308748
1300064
1301620
1305773
1303648
1301263
1301909
1308588
1308904
1310888
1305009
1306888
1310467
1301050
1307648
1306908
1307759
1304229
1300478
1306517
1310081
1309214
1302001
1310579
1308804
1310605
1300022
1310117
1308019
1303137
1303247
1302192
1306820
1300944
1307334
1303503
1301880
1300730
1305658
1309681
1303433
1309008
1300483
1306274
1302213
1307165
1304572
1300125
1305523
1309201
1305765
1310382
1302736
1302997
1306005
1305758
1305892
1307847
1301557
1308517
1305788
1307308
1303862
1302300
1304541
1305455
1308540
1302284
1307522
1310044
1303030
1304034
1309624
1301546
1308023
1307352
1301571
1307869
1302335
1308903
1307899
1305913
1301118
1307378
1301446
1301170
1301391
1301098
1301454
1300878
1304388
1308375
1301091
1305349
1302355
1300965
1301411
1304447
1305718
1301450
1310453
1310965
1309505
1301409
1306107
1301499
1302257
1303399
1302072
1300786
1309117
1300987
1306266
1306263
1308893
1305584
1305653
1301938
1300236
1305821
1303913
1303891
1310999
1309423
1309388
1308188
1303331
1305738
1304574
1302897
1302003
1306226
1307066
1302885
1301227
1306795
1305597
1309020
1306502
1305628
1308665
1310533
1309855
1307961
1304937
1307299
1301367
1308022
1308708
1305254
1301588
1302160
1302112
1310119
1301278
1302513
1303690
1304997
1308894
1300234
1307206
1302291
1300280
1304882
1301497
1302023
1310486
1305519
1307572
1301249
1308200
1303672
1304894
1306994
1302940
1307110
1309104
1306152
1307317
1307326
1300774
1300968
1310933
1309177
1300917
1302611
1300024
1307685
1309158
1306212
1301163
1305453
1305286
1300339
1302310
1301213
1301014
1310525
1304204
1303824
1300997
1309053
1304297
1301677
1310325
1305503
1305608
1300655
1305365
1303100
1300010
1309903
1308026
1300732
1303946
1303242
1300012
1301493
1307319
1304081
1300996
1304619
1309393
1301025
1307628
1303718
1308194
1306985
1307382
1307651
1305499
1300340
1304018
1302704
1310150
1306945
1310387
1308624
1306007
1304559
1304352
1302851
1302263
1307459
1301855
1305886
1302714
1303290
1310245
1303004
1301982
1309918
1307972
1307132
1301439
1306061
1306574
1301642
1310407
1305017
1307180
1309175
1304103
1310539
1309205
1304039
1301579
1303228
1300834
1310906
1308991
1310789
1304437
1307364
1304737
1309196
1302614
1307095
1307363
1302944
1310232
1305755
1309127
1300869
1306401
1310115
1305061
1301544
1301130
1304913
1302958
1301096
1300690
1306158
1307840
1304884
1305558
1308229
1301304
1301335
1300608
1310843
1308731
1305130
1309489
1303302
1303545
1304714
1306698
1308896
1306913
1310129
1300319
1304059
1300865
1310334
1306434
1309570
1308966
1308616
1305087
1307926
1310559
1301049
1303579
1309945
1309415
1308276
1300660
1310104
1301879
1309464
1300966
1304806
1308184
1309094
1302332
1309675
1305510
1307678
1301004
1306528
1302760
1310431
1310019
1307657
1302574
1309865
1307432
1309754
1307933
1302042
1304775
1302829
1304325
1308311
1308495
1308034
1302652
1303395
1302932
1304307
1309218
1308818
1308610
1300725
1302608
1301024
1302861
1305550
1305697
1302571
1300403
1307574
1301945
1300626
1305799
1305845
1303886
1303676
1309465
1301277
1302099
1309504
1304638
1300097
1305401
1301090
1308542
1301387
1306020
1309454
1305088
1310421
1301168
1300293
1300895
1308779
1305637
1303490
1301649
1300216
1305057
1304085
1305820
1306641
1310666
1307758
1310577
1304736
1308841
1308807
1304321
1305320
1303845
1310032
1302428
1302965
1301501
1303550
1304493
1307575
1307607
1308863
1304118
1305150
1306736
1308713
1300806
1300633
1309256
1307139
1301887
1302623
1305730
1300573
1302844
1308964
1309101
1307102
1305302
1300311
1304429
1303461
1304590
1306111
1300369
1301139
1309771
1302321
1304938
1309499
1301969
1303571
1300752
1308177
1305492
1300707
1301647
1303709
1303883
1300682
1304540
1309084
1310362
1309184
1302145
1305358
1308159
1302894
1305971
1300294
1308538
1307051
1301274
1303278
1303660
1306979
1306282
1300188
1305416
1308392
1302315
1301496
1309547
1307796
1310669
1306639
1303755
1310406
1306680
1301869
1305493
1308753
1306332
1309275
1306460
1305153
1302516
1309620
1305502
1302159
1302018
1303959
1309204
1303132
1309550
1306936
1306611
1310544
1300719
1303350
1308084
1309368
1303133
1307461
1310595
1310827
1306202
1303483
1309853
1308119
1307991
1310049
1309973
1308097
1302330
1310970
1304935
1302625
1304554
1309940
1301076
1302174
1310340
1301214
1308877
1300449
1306961
1309717
1310971
1302543
1305229
1307145
1306408
1306075
1303411
1307236
1300649
1303852
1306803
1304819
1302250
1307150
1302795
1301997
1302901
1302514
1303236
1307449
1300351
1305728
1301310
1303511
1304268
1305407
1309883
1301026
1310126
1308434
1309829
1304655
1304779
1306365
1309369
1305314
1306222
1304849
1308201
1309023
1300744
1300698
1301899
1309787
1300673
1303384
1308632
1310446
1307288
1310309
1308649
1301645
1300873
1310858
1305905
1310241
1301305
1300914
1305842
1300825
1308090
1305431
1302253
1302054
1310715
1304004
1308593
1304625
1305165
1309760
1307880
1310810
1310626
1302162
1306645
1300156
1309511
1304951
1304160
1304391
1304486
1306916
1303909
1303320
1309164
1310615
1303181
1304219
1305894
1308421
1304862
1300734
1302131
1306458
1306363
1306162
1304888
1304649
1305532
1308318
1304664
1303338
1302719
1304058
1306986
1308355
1309528
1305784
1300243
1304856
1306073
1308689
1310342
1309655
1301353
1310665
1310377
1302104
1310560
1305900
1300681
1305191
1304976
1303341
1310274
1302827
1308156
1303535
1301035
1300356
1301705
1310450
1308329
1304357
1306610
1310957
1301053
1301780
1305541
1300854
1305627
1310300
1301589
1305579
1302220
1310505
1308725
1300157
1308706
1303385
1301331
1303233
1306477
1308777
1303420
1305861
1308944
1302992
1304314
1301525
1302787
1301800
1307639
1304857
1307706
1308009
1302987
1309728
1302307
1301720
1300623
1310344
1301120
1308292
1304066
1310476
1301540
1310707
1306896
1301344
1301398
1301363
1309022
1307784
1301894
1301941
1309050
1305873
1304621
1309685
1308756
1304992
1304931
1309360
1304595
1303208
1306476
1301443
1310930
1300736
1300846
1310079
1306618
1301978
1302593
1300708
1300652
1306364
1306210
1308621
1309286
1309566
1309701
1307526
1300262
1306246
1303963
1309660
1310152
1304990
1307476
1305990
1305507
1303596
1302791
1304476
1306632
1307598
1309796
1308638
1308695
1305152
1310209
1300893
1310099
1310946
1309687
1307004
1309382
1300282
1309974
1307908
1305675
1309696
1308350
1303523
1302816
1305253
1304159
1303397
1302570
1307962
1305325
1306956
1310276
1306241
1307920
1304613
1310039
1301717
1306865
1308814
1301638
1309115
1306312
1300973
1304996
1307688
1306890
1300499
1303643
1300563
1308776
1310040
1302648
1309395
1307312
1303987
1308448
1310712
1302692
1302385
1305360
1309951
1308283
1308415
1304149
1304375
1301448
1307053
1304216
1302519
1307414
1300007
1300480
1304725
1306661
1310694
1308847
1308107
1301545
1303567
1300562
1300204
1300567
1302802
1310644
1309220
1309174
1301300
1307458
1300229
1310744
1308012
1307541
1310162
1308426
1303612
1302776
1306530
1310050
1306254
1303449
1303964
1308914
1304681
1306981
1309047
1303272
1309690
1301001
1304846
1306251
1307742
1310358
1304838
1306398
1306812
1300456
1306819
1306180
1310875
1300799
1306604
1300312
1304957
1301282
1305544
1309121
1307958
1303442
1307881
1301828
1301732
1306775
1307900
1307015
1308740
1300013
1301031
1304250
1300506
1309801
1304784
1308396
1306573
1309588
1300945
1303700
1302380
1308705
1300793
1303426
1304373
1309843
1303114
1305373
1302556
1304993
1309569
1304252
1309328
1307606
1306870
1305737
1303847
1302189
1305599
1308080
1303901
1306975
1307737
1308717
1310404
1304130
1305426
1307170
1307012
1301583
1305040
1310822
1310311
1308445
1304131
1304055
1306781
1307818
1309642
1304249
1300584
1307184
1307429
1308190
1310961
1303564
1302922
1301273
1310686
1307307
1301994
1310943
1304169
1304112
1308137
1304286
1305368
1310634
1309601
1305405
1307478
1306665
1306496
1308688
1307076
1304569
1300076
1309733
1309037
1307725
1305319
1300884
1308760
1305973
1303878
1300397
1300610
1309349
1308252
1306120
1302262
1304763
1300520
1303706
1305677
1309606
1306409
1309351
1302523
1302980
1302304
1305632
1302938
1305986
1300139
1303614
1308102
1310684
1302431
1301608
1302832
1304910
1309767
1307022
1307987
1300621
1301928
1308812
1304365
1302423
1303315
1308643
1300251
1300718
1307109
1310565
1300208
1303797
1300667
1301073
1308441
1306473
1304123
1308513
1305446
1302732
1306978
1310691
1304283
1309526
1303934
1302884
1304408
1307666
1308373
1301175
1302836
1308463
1303057
1304847
1310775
1309925
1300110
1300441
1309902
1308420
1304460
1303355
1308369
1300688
1300549
1310036
1310145
1300572
1309012
1302398
1303214
1307474
1306753
1304243
1301533
1303205
1300857
1300123
1301247
1303313
1307158
1306950
1304032
1304468
1306928
1301441
1306373
1310259
1300717
1308017
1309011
1304139
1304251
1303949
1303304
1301576
1302672
1305988
1305498
1305101
1303635
1305362
1308388
1310159
1308251
1309987
1303527
1308459
1305633
1308502
1302451
1302149
1303176
1308454
1308598
1307667
1304607
1303805
1307821
1305001
1309139
1307242
1301741
1301346
1302676
1306155
1305748
1303892
1306880
1303868
1308357
1304240
1302550
1309726
1310741
1302896
1310808
1308297
1310479
1308789
1307504
1304035
1308326
1304750
1303823
1308405
1309512
1303429
1301809
1305827
1305387
1309667
1300821
1310705
1302671
1308808
1306518
1306659
1305411
1304675
1300154
1309455
1309160
1307397
1309961
1300568
1300221
1308038
1305961
1300237
1301085
1303773
1309900
1310982
1301562
1305981
1302286
1309432
1302438
1310326
1304330
1303143
1305375
1310768
1310485
1305289
1307063
1305059
1310730
1310197
1303455
1302041
1302497
1308952
1301290
1310818
1301920
1301042
1304735
1306854
1305028
1306072
1308873
1304478
1300541
1301504
1301701
1310221
1302249
1307997
1308623
1303907
1308998
1309527
1307883
1307894
1309378
1301526
1309132
1304147
1303829
1305549
1303712
1304911
1308204
1301534
1304143
1309411
1302730
1309251
1302421
1308657
1308817
1310598
1302991
1310105
1305643
1307140
1310161
1301302
1301293
1307805
1305641
1308179
1309339
1302918
1310608
1308161
1305066
1306609
1302544
1301006
1301882
1305533
1304107
1308446
1303434
1303327
1306093
1300116
1301629
1301148
1305451
1307871
1304269
1307558
1305309
1306831
1302559
1303743
1305215
1304111
1306662
1303806
1304967
1305640
1303125
1306145
1300082
1300014
1303682
1302218
1308523
1303321
1308902
1304195
1306622
1305977
1304211
1302707
1309629
1304022
1304186
1307700
1306352
1308637
1302512
1301990
1301547
1305898
1306096
1301853
1302105
1303262
1303328
1303620
1301017
1308934
1307960
1305239
1302656
1308819
1310216
1309125
1306469
1305351
1304264
1306181
1310956
1304652
1302697
1308890
1309400
1307498
1301233
1300255
1306225
1305307
1310107
1304259
1304965
1307553
1310646
1309042
1302269
1306688
1304704
1309004
1307493
1310501
1302903
1305027
1307453
1302013
1307304
1310561
1302691
1301727
1307430
1301416
1302100
1307745
1303062
1301355
1308287
1302114
1310277
1300423
1306095
1301844
1303022
1307438
1306757
1307133
1309852
1305829
1307369
1309203
1303230
1304824
1306270
1300925
1306670
1307909
1305255
1302610
1304116
1309996
1300246
1302774
1308020
1303933
1306863
1300235
1304068
1306084
1306686
1310371
1304539
1304709
1305907
1301485
1309664
1300150
1309003
1300066
1306711
1304777
1301719
1303544
1305934
1310456
1310001
1302079
1300513
1307562
1302823
1303807
1309166
1305415
1308537
1304739
1309729
1301917
1309727
1302970
1301187
1307401
1309471
1300920
1300936
1307327
1304172
1310886
1301573
1303374
1301195
1308886
1307026
1301071
1304346
1303931
1301686
1302393
1302726
1310688
1303704
1309621
1304452
1309575
1303831
1304494
1306606
1307988
1302933
1302255
1301316
1310985
1301286
1303999
1300078
1308937
1302193
1307186
1300612
1306106
1303303
1303770
1303914
1305115
1304020
1305980
1304072
1310571
1310905
1303645
1304511
1301716
1301932
1310601
1303361
1306847
1306412
1300370
1300980
1305156
1309380
1306147
1304596
1309792
1307823
1309479
1302668
1305919
1300200
1310275
1302180
1306030
1308367
1306043
1307793
1302319
1300206
1303246
1308875
1303827
1301261
1310612
1310635
1309694
1308387
1308442
1301598
1306009
1302536
1301417
1302763
1301621
1305676
1300419
1304530
1308870
1310333
1310865
1306774
1306395
1302408
1308734
1309389
1305945
1309899
1309521
1302267
1300023
1305611
1303683
1304553
1306014
1310205
1308923
1307241
1306801
1305906
1303719
1305956
1305363
1310826
1300510
1304584
1303166
1307072
1306592
1300900
1305740
1308264
1308505
1307187
1305093
1308280
1310140
1307201
1308874
1301088
1301666
1303730
1306777
1302700
1308241
1302258
1301473
1300979
1306783
1302515
1306303
1306576
1306582
1305169
1308233
1310831
1303921
1309283
1301185
1300299
1310919
1309878
1301665
1305270
1305029
1302242
1302379
1306848
1304193
1310121
1307586
1306872
1301697
1309896
1300538
1307682
1306780
1300442
1304414
1310964
1309976
1304381
1303448
1300842
1307266
1310962
1302959
1302722
1304481
1304732
1309924
1303548
1309348
1302280
1310188
1306126
1309851
1309123
1303045
1300535
1307576
1303969
1308671
1307247
1304469
1300587
1304244
1308315
1300635
1307778
1305556
1310846
1310364
1307417
1307078
1306787
1302089
1305797
1306782
1300700
1309875
1302683
1308838
1306643
1301708
1307971
1304970
1306634
1305012
1307221
1303257
1308799
1306766
1303269
1301149
1304069
1306939
1310180
1308827
1307134
1304142
1301567
1307892
1303093
1305964
1301240
1309953
1304814
1309318
1310500
1310776
1308021
1306940
1308589
1308980
1310659
1303506
1301313
1304679
1304084
1308797
1309898
1306376
1305114
1307313
1308620
1301673
1304201
1304776
1300252
1302441
1305585
1306189
1305367
1300839
1301276
1304179
1305361
1307129
1301241
1302565
1305747
1310814
1300178
1307427
1304267
1307297
1307600
1309437
1310890
1305563
1303196
1305385
1300148
1307205
1304210
1303953
1308050
1303926
1303075
1306861
1300454
1301555
1308114
1307842
1305065
1306453
1307573
1307800
1305562
1305067
1309315
1307604
1303255
1302113
1300963
1309044
1304693
1304950
1309156
1310912
1301486
1304046
1305707
1303509
1302341
1306607
1301950
1308682
1304969
1304367
1307768
1300363
1301640
1309591
1303252
1302148
1310600
1306091
1308784
1307276
1303624
1309711
1301902
1309607
1303595
1307457
1303536
1305592
1307338
1304912
1310025
1305783
1306170
1301234
1307137
1305613
1308006
1304746
1306522
1309372
1306693
1306887
1301798
1309414
1304948
1303594
1304755
1308304
1303900
1306635
1304104
1300239
1303156
1309691
1305118
1307571
1306468
1300413
1308704
1303816
1309715
1308123
1309394
1303528
1302891
1308040
1306993
1305276
1300768
1305084
1301321
1303607
1308700
1308105
1301888
1300636
1305819
1307365
1306976
1308417
1303586
1308243
1310222
1308151
1309809
1309375
1306859
1301212
1308880
1306351
1307889
1306991
1300296
1302116
1310720
1302813
1308650
1309863
1308787
1302864
1307014
1310458
1305954
1301089
1302388
1301406
1301235
1308259
1306907
1308339
1304224
1300903
1309582
1306475
1303711
1306690
1306516
1310459
1302644
1306134
1310130
1309506
1308219
1303256
1307172
1309246
1302363
1304031
1305472
1301123
1308256
1307601
1304694
1301200
1306987
1307379
1304285
1301782
1307630
1307396
1304052
1303936
1303665
1307346
1308993
1301365
1307167
1300179
1308528
1306571
1308831
1308277
1310353
1307860
1302008
1301394
1309233
1303157
1305275
1306601
1309154
1306687
1310411
1301532
1301174
1301005
1310410
1304042
1306882
1305527
1309977
1309998
1302272
1306740
1306151
1306177
1306651
1309789
1305121
1307057
1307848
1301086
1300853
1300739
1308320
1304284
1306647
1310647
1310215
1300185
1308488
1303301
1301517
1308669
1310291
1308905
1300226
1310063
1307454
1306039
1307306
1306315
1306739
1301740
1300147
1304689
1307443
1306381
1303460
1302649
1308345
1305410
1301468
1306553
1306957
1305666
1304217
1308088
1301011
1303243
1309858
1304686
1301314
1307701
1302804
1305251
1309460
1309009
1309299
1301492
1305745
1303727
1304702
1310366
1309929
1303935
1310098
1305054
1301322
1306454
1300924
1310573
1309250
1304327
1306080
1309522
1309134
1308535
1307204
1301915
1307629
1305848
1302677
1310682
1306903
1310218
1302403
1300710
1302175
1301603
1300025
1310009
1301518
1307030
1307568
1307919
1303846
1300298
1303282
1308633
1306400
1304495
1300658
1309466
1305458
1302011
1305127
1302587
1310080
1305356
1302406
1300609
1309603
1304759
1305105
1305998
1309364
1307354
1306229
1310357
1306387
1310891
1306741
1307772
1300453
1308774
1310604
1308742
1303792
1305112
1303604
1310779
1303992
1304138
1308711
1300465
1301403
1300578
1310331
1308348
1308485
1305812
1302197
1309442
1301264
1305927
1307596
1300492
1309814
1303318
1302880
1301303
1306052
1309705
1301487
1306278
1301634
1300445
1302082
1302337
1304758
1302702
1305423
1309287
1310927
1306285
1300695
1300552
1308401
1303023
1309859
1304586
1307548
1301067
1308726
1301830
1304658
1300199
1309821
1306249
1305509
1301201
1304454
1310671
1304891
1302292
1303598
1303499
1303903
1302762
1310434
1302509
1306340
1302747
1307248
1304044
1305313
1303787
1302430
1309769
1309326
1309749
1305146
1301976
1301066
1302549
1302925
1306918
1304659
1305690
1308149
1303127
1307797
1302586
1302056
1301742
1305013
1304403
1306444
1301470
1302809
1309963
1310645
1305462
1300838
1302859
1307782
1304383
1300603
1302696
1305805
1310399
1308199
1302217
1305058
1303940
1304215
1302370
1304548
1308579
1309964
1306380
1303401
1309860
1302594
1310035
1300680
1305412
1302492
1304699
1302147
1306577
1303890
1308764
1309735
1301162
1300687
1303693
1306889
1304576
1303223
1304629
1303130
1309343
1310379
1307013
1306418
1301624
1306754
1303701
1301512
1309019
1304309
1310381
1304492
1306466
1308867
1308539
1302576
1310882
1310403
1307930
1310664
1300043
1306874
1302954
1309038
1300629
1303443
1310015
1307694
1307148
1308222
1308313
1304202
1302554
1305746
1302689
1306853
1302533
1304802
1309293
1308924
1305513
1306168
1305969
1304591
1310426
1306829
1305542
1305323
1310747
1308798
1303746
1305491
1305736
1305615
1304115
1310557
1301246
1304191
1307888
1301337
1308182
1301955
1310772
1310679
1302282
1303796
1308457
1304065
1309248
1303547
1303142
1304015
1307490
1307009
1302801
1301097
1308525
1308629
1305476
1305985
1302178
1304230
1304181
1308317
1308140
1310285
1308055
1307083
1310994
1310782
1306958
1309320
1303011
1304731
1304368
1302036
1303383
1302711
1302473
1310784
1310737
1310272
1305168
1306024
1305468
1304354
1308089
1309119
1300245
1306962
1305831
1304208
1305295
1308307
1304451
1302535
1308691
1304807
1304345
1303103
1308379
1304484
1300648
1306431
1304788
1310193
1305648
1306011
1303980
1303661
1301892
1302247
1309673
1306318
1304773
1303960
1306723
1305834
1308071
1307305
1310181
1309572
1308911
1308007
1303128
1305269
1301386
1307149
1308296
1304768
1309295
1310795
1308553
1300683
1309815
1306584
1301451
1307731
1309307
1308557
1303766
1301678
1302974
1306205
1306984
1310575
1306752
1304710
1305695
1309230
1308839
1300338
1300939
1302909
1301190
1304003
1307570
1301842
1302609
1309443
1306654
1302374
1304406
1309105
1304426
1309753
1308340
1300115
1309531
1306273
1307524
1300975
1301565
1301193
1302409
1303184
1303432
1301908
1308197
1308942
1303979
1310655
1306382
1304198
1310008
1308170
1310842
1300810
1309186
1302595
1303583
1310606
1301077
1304968
1300526
1302811
1307099
1308781
1307681
1306695
1303006
1308223
1301482
1302607
1303376
1307010
1302906
1305921
1308370
1300111
1309197
1308418
1305944
1310512
1309782
1309999
1301957
1303358
1305516
1303116
1307904
1306544
1300862
1309028
1301254
1302654
1310899
1302845
1307767
1306742
1308306
1304872
1306128
1309459
1301656
1301405
1303870
1309892
1308646
1300971
1307207
1303549
1303747
1301550
1301511
1307225
1301357
1305933
1308394
1304242
1304170
1303526
1306403
1303314
1302580
1302153
1302278
1304778
1305352
1304048
1307801
1302655
1308181
1302943
1310412
1303752
1300306
1300195
1303402
1301873
1307831
1303115
1306668
1309519
1300804
1305543
1300867
1301083
1309027
1303224
1304479
1309911
1307381
1304099
1301376
1307226
1301553
1305190
1303723
1310268
1301373
1307230
1307021
1301890
1302673
1307318
1301595
1307256
1302084
1308094
1305494
1310848
1310439
1308658
1305122
1300969
1301272
1300697
1301556
1306004
1306925
1300467
1310710
1309584
1308066
1307079
1307008
1302566
1309653
1300493
1307580
1302931
1308400
1304949
1307310
1308754
1304828
1308521
1300254
1306300
1301979
1303615
1301236
1300361
1304282
1308142
1306430
1300446
1310703
1305033
1309025
1300457
1305074
1302796
1303623
1308957
1303874
1305662
1304075
1307885
1300415
1304394
1305975
1304001
1310168
1307218
1307123
1301136
1301729
1307689
1309234
1306206
1303570
1307094
1304444
1304190
1307820
1304570
1309554
1304263
1303353
1300439
1305488
1300160
1308509
1309780
1301691
1308004
1309985
1306305
1304422
1309870
1304371
1306394
1310504
1303800
1308432
1310260
1305568
1309385
1310592
1307303
1301733
1300791
1305090
1300308
1306323
1310790
1300004
1302875
1304564
1308878
1305984
1306503
1305839
1310396
1309508
1310415
1305144
1308851
1307177
1310057
1300905
1305960
1303306
1308526
1304961
1303560
1302420
1303050
1306602
1302340
1308178
1304792
1301434
1306221
1300485
1300042
1301594
1302501
1305909
1302070
1302977
1303679
1302098
1302237
1307096
1305500
1310754
1309049
1310861
1302860
1305444
1305582
1300347
1301283
1304121
1303566
1305236
1306519
1302653
1306186
1307183
1304904
1306715
1309682
1303017
1307555
1307841
1304386
1310854
1309096
1304482
1303209
1305854
1303038
1300355
1300310
1304614
1309306
1308490
1303554
1307176
1303767
1307644
1308121
1305822
1301896
1301904
1305752
1307007
1308845
1306997
1309969
1310819
1310951
1302227
1306028
1304646
1310339
1309355
1301685
1301137
1302558
1308235
1307815
1307067
1302705
1305162
1301939
1301631
1308835
1310061
1302281
1310569
1305250
1305333
1303357
1310931
1309658
1305708
1307669
1307523
1308231
1302095
1303784
1305769
1305389
1307395
1304180
1302826
1310915
1301993
1301775
1306243
1307388
1310844
1310511
1307686
1305824
1308472
1302177
1305467
1304063
1308660
1302539
1303368
1309921
1300765
1303950
1301469
1305992
1306003
1300437
1309036
1303998
1310143
1300211
1303129
1306010
1310287
1308805
1306702
1304608
1307510
1310975
1300152
1310769
1305056
1308840
1305038
1304453
1307161
1301364
1303737
1304490
1308356
1302663
1309679
1300756
1300631
1304270
1307345
1310756
1310828
1304712
1300210
1305702
1303382
1301559
1310206
1303232
1309897
1304090
1306074
1300348
1306113
1309509
1302633
1305678
1309424
1308250
1302810
1303218
1309260
1306244
1300464
1306534
1306995
1302941
1306722
1308795
1303299
1305501
1300699
1301479
1310428
1300557
1308775
1307264
1301772
1305020
1306355
1309793
1310800
1307679
1308086
1309800
1300345
1310328
1309075
1304669
1309743
1300271
1308929
1309209
1309652
1307198
1303052
1303497
1307868
1310146
1301522
1306070
1304727
1300153
1304205
1310391
1304047
1310674
1310390
1301022
1309396
1305929
1304014
1308833
1301176
1300777
1305636
1302161
1300444
1302599
1304831
1307445
1308138
1307773
1306897
1302659
1301144
1310043
1300114
1310078
1304975
1310977
1302010
1304355
1308802
1310302
1306550
1310085
1309468
1300952
1304748
1309148
1309823
1304019
1304194
1304963
1307729
1306042
1303918
1302400
1305883
1306098
1303884
1306790
1307115
1300353
1301059
1305000
1301013
1304443
1305331
1307779
1306551
1307500
1310547
1309110
1307440
1308196
1306483
1305482
1308117
1306841
1304555
1308506
1309296
1309010
1305548
1300808
1308912
1303794
1310106
1303305
1305374
1301948
1307973
1308927
1301229
1301502
1301857
1310003
1303609
1304026
1305138
1309102
1301094
1301783
1303578
1304547
1301113
1300844
1302737
1309861
1309370
1308060
1300436
1304332
1303005
1310323
1303731
1302605
1302984
1300479
1303195
1309932
1307171
1304893
1302188
1305793
1303780
1305051
1301257
1306173
1305448
1307460
1306167
1302252
1310493
1308483
1300054
1302133
1301140
1308164
1302404
1305042
1301258
1309640
1305713
1310883
1304271
1302146
1305725
1308168
1300486
1305565
1301029
1301045
1301102
1309648
1310156
1310468
1305141
1306855
1305081
1301016
1300159
1300881
1308653
1305529
1300527
1303098
1309763
1306213
1309605
1306570
1305137
1302447
1309477
1308382
1301679
1300597
1306402
1301219
1310144
1301232
1307643
1301230
1300529
1308955
1303937
1309487
1308664
1303056
1308721
1303261
1301702
1304582
1305846
1308209
1302121
1302014
1305091
1300388
1303174
1305952
1300701
1303210
1307999
1303606
1301202
1301188
1308265
1307423
1309140
1301840
1310034
1306309
1301786
1304743
1309173
1309876
1306747
1306287
1306685
1308100
1307827
1303573
1303569
1300171
1304622
1301566
1304120
1309674
1306215
1307373
1305951
1304097
1310494
1307714
1309647
1300651
1306281
1309017
1300731
1309327
1303260
1304830
1306765
1300342
1301299
1309141
1307285
1306949
1306033
1309330
1303976
1308195
1301424
1302264
1305097
1309649
1302524
1308601
1304017
1307238
1300291
1310303
1304531
1310158
1308074
1303893
1307902
1308124
1304762
1300919
1302141
1301047
1301222
1304175
1300100
1310650
1307323
1302919
1310620
1308631
1309836
1305233
1306816
1302741
1302557
1306327
1304959
1302507
1306708
1300117
1308544
1301003
1309877
1307549
1302075
1300281
1309469
1310940
1304174
1304955
1307497
1305220
1302410
1308282
1307362
1300284
1309323
1307222
1302750
1306390
1306269
1300488
1301095
1309709
1301377
1307517
1306683
1304154
1303367
1309463
1305856
1309742
1303613
1305443
1305787
1308949
1300175
1306624
1305316
1307809
1308766
1310813
1304362
1308500
1309278
1303140
1310988
1305148
1304079
1308899
1310553
1301829
1306081
1301436
1300915
1310046
1305332
1306709
1308453
1303280
1309192
1310405
1308157
1306480
1310887
1309467
1308790
1306804
1300158
1308978
1304503
1305292
1300628
1303403
1305147
1300611
1306367
1300232
1302102
1304054
1301093
1303510
1307647
1306481
1303738
1306371
1303492
1306538
1301043
1305837
1305076
1303668
1310868
1309381
1310523
1307817
1304909
1302164
1304132
1304413
1304523
1307270
1301288
1301343
1308846
1303810
1310374
1304690
1310879
1303877
1301284
1301923
1306066
1306627
1300534
1300140
1302686
1307843
1310845
1306132
1308953
1306933
1304545
1310305
1310567
1309886
1302779
1306034
1304380
1307709
1300408
1307877
1308205
1303968
1306511
1309928
1309933
1302344
1302118
1308979
1307054
1302279
1306087
1308270
1309280
1300841
1306406
1310070
1306421
1310229
1303408
1308039
1304402
1307851
1301845
1303944
1302758
1306535
1304248
1310048
1301458
1301581
1303639
1308269
1310727
1308865
1306166
1310713
1300974
1304070
1306935
1307383
1304914
1302067
1306442
1308723
1300460
1305421
1307211
1308524
1302402
1308224
1303406
1301460
1310791
1309779
1305123
1303776
1300089
1307470
1305524
1300565
1306493
1307780
1310922
1302382
1304782
1303135
1303186
1300276
1302345
1309133
1307351
1310185
1303832
1302081
1310765
1308584
1307200
1304825
1307896
1307092
1307884
1310082
1309427
1307231
1303943
1304136
1307882
1307280
1308615
1306580
1308059
1300068
1310110
1310903
1307569
1300290
1303600
1308165
1308215
1305922
1306343
1307073
1305166
1300507
1302127
1309555
1303015
1303330
1310348
1305466
1307112
1307837
1309040
1303438
1300747
1302024
1309407
1306259
1306614
1310030
1307118
1301751
1307658
1307107
1300668
1303417
1300811
1307661
1303226
1300738
1303669
1310055
1305243
1300069
1301312
1305441
1301906
1301524
1302244
1310719
1307675
1300586
1306992
1306196
1301383
1306851
1304312
1308496
1302271
1300144
1306629
1300766
1304524
1310243
1307544
1304859
1304984
1310062
1302555
1304972
1309818
1306488
1300141
1307835
1308073
1301173
1307169
1307056
1307816
1308187
1302032
1309669
1307614
1301449
1308960
1309948
1307982
1301018
1300558
1300331
1300735
1301166
1309151
1306677
1301769
1309212
1304518
1310939
1304396
1305525
1306242
1309060
1310510
1302830
1304631
1300241
1301910
1302440
1309167
1300484
1309910
1308145
1302231
1310443
1310444
1306171
1304878
1301327
1310998
1301440
1310974
1304418
1304260
1302613
1307340
1301242
1306396
1306391
1305720
1302233
1304199
1304832
1302173
1304720
1309590
1306623
1307100
1310829
1302627
1302087
1307033
1309472
1307127
1301619
1310619
1310066
1305461
1301181
1301793
1300998
1302603
1305721
1304977
1308555
1307121
1301052
1309200
1301968
1303292
1307632
1303736
1300801
1308843
1301918
1307539
1306834
1310214
1304184
1306625
1309935
1306652
1302598
1302842
1305717
1300328
1307108
1302511
1305631
1305225
1301975
1303593
1309392
1306808
1301158
1303565
1309714
1301625
1304477
1307419
1301797
1303988
1310763
1310895
1307561
1306492
1302703
1310672
1306666
1309806
1300532
1310851
1305912
1309194
1305557
1303451
1302453
1309707
1309435
1309034
1300555
1300265
1301723
1303312
1309736
1310289
1310460
1304587
1303095
1305475
1308275
1309579
1303234
1306174
1302664
1302384
1303958
1309966
1305116
1310783
1305664
1306308
1303109
1308940
1310614
1303010
1300571
1301147
1310452
1300931
1309335
1310227
1302969
1308451
1310522
1305644
1308680
1308063
1306086
1306264
1302039
1304873
1303781
1309268
1300746
1310857
1308959
1307702
1306926
1301291
1303104
1306557
1301358
1306347
1303213
1303412
1307950
1304521
1302646
1303041
1309907
1310825
1309622
1310583
1303155
1300940
1310798
1308645
1303699
1310981
1305660
1301000
1310007
1308298
1310194
1300181
1308064
1300782
1310024
1307124
1308492
1310072
1308757
1302028
1306963
1308267
1304176
1305780
1300108
1302548
1302504
1304226
1301568
1304520
1300674
1303013
1305460
1303359
1305889
1309757
1303120
1309081
1306738
1305297
1301724
1305802
1310212
1301871
1301746
1307766
1309538
1308868
1304726
1304979
1306867
1300509
1304257
1309289
1305619
1304628
1301967
1307485
1303713
1306943
1302096
1301092
1303090
1306923
1309176
1306494
1307530
1308945
1302921
1305778
1309971
1310437
1302764
1302825
1305414
1304974
1306696
1310880
1309277
1302405
1301253
1302422
1308837
1306272
1301694
1308106
1306885
1307554
1300320
1300702
1306013
1307514
1306674
1302126
1307191
1307941
1307931
1310065
1302517
1305266
1300949
1310683
1308715
1305258
1302876
1300956
1310821
1304214
1306253
1304376
1306369
1301220
1303463
1310363
1306124
1301132
1309373
1310413
1308366
1307315
1309930
1310590
1308611
1305133
1301866
1307219
1304774
1310755
1301837
1306972
1301611
1310913
1302496
1302412
1310855
1307185
1305391
1308684
1301030
1308475
1307130
1309456
1304405
1308027
1300133
1301437
1304601
1305048
1300005
1306552
1306594
1304228
1308714
1310762
1309576
1305733
1303760
1304200
1308120
1300544
1303446
1303575
1301715
1306283
1302085
1300762
1308271
1306301
1301580
1309290
1303749
1306465
1302521
1302080
1310711
1307602
1306109
1300876
1302815
1310969
1304428
1305566
1307981
1308435
1303298
1300824
1301919
1300365
1303183
1300048
1305107
1301464
1305249
1307421
1301164
1305850
1301039
1306921
1303601
1308030
1306023
1302528
1308930
1310071
1302752
1306988
1300855
1305617
1305435
1304133
1308273
1305355
1308248
1302626
1306727
1305823
1307649
1304537
1306730
1310199
1304936
1304295
1302551
1300958
1300720
1307003
1310566
1308305
1308826
1310806
1303275
1301903
1300258
1310812
1305825
1304086
1310498
1306135
1303428
1310238
1306583
1309338
1301593
1309208
1305698
1309920
1305060
1306814
1302620
1308724
1310264
1303390
1308438
1308378
1307792
1305790
1300260
1309029
1307776
1309082
1304793
1300559
1300028
1302152
1310871
1300686
1309586
1305629
1310249
1300630
1309631
1300060
1301791
1303589
1305151
1310141
1304899
1310077
1301843
1305749
1306608
1306337
1310386
1303345
1301739
1303520
1301134
1306035
1307006
1300072
1308260
1300170
1310350
1303515
1306452
1307728
1307786
1304318
1306058
1308217
1303427
1309157
1306980
1300228
1307589
1304474
1310658
1305199
1306561
1301811
1300828
1301615
1302631
1305329
1300450
1303617
1302040
1307719
1310052
1310360
1303939
1310337
1305341
1310918
1301753
1310056
1310111
1309206
1300166
1307269
1301774
1310802
1308697
1308636
1308293
1300191
1302350
1305939
1309262
1307921
1300600
1309402
1302063
1302755
1307934
1309224
1300420
1309077
1304708
1301863
1301051
1310186
1309054
1309086
1310641
1310394
1302214
1301749
1300409
1307463
1302872
1308058
1309144
1306532
1304783
1310702
1309232
1305021
1307907
1310972
1305377
1300637
1304165
1309319
1303332
1309039
1304425
1300341
1301065
1306789
1300238
1304797
1303656
1307261
1305459
1309013
1303798
1309311
1307844
1305844
1303732
1308747
1309665
1300390
1302790
1301807
1309264
1310932
1304611
1308780
1300121
1305742
1310436
1301754
1304025
1310777
1305117
1307418
1303839
1307954
1306529
1310442
1302756
1301371
1307181
1310332
1301320
1308246
1305546
1310018
1305298
1302669
1305479
1307748
1304114
1304691
1303379
1307870
1301627
1302452
1304182
1309552
1307036
1310219
1303113
1301682
1310793
1309635
1305668
1308917
1304647
1307468
1301819
1300161
1305231
1302154
1300512
1310239
1301563
1309609
1304671
1307913
1306967
1307671
1300374
1307692
1305506
1302083
1306000
1309722
1305754
1307563
1307634
1300285
1304947
1309391
1301519
1305743
1306290
1310986
1304718
1310864
1307734
1310125
1303783
1301075
1302466
1307153
1306964
1305237
1307160
1303559
1308563
1304290
1309126
1307479
1305383
1307753
1300372
1309258
1303753
1309486
1301961
1304440
1304310
1310225
1310178
1302847
1302799
1306568
1304978
1302171
1308736
1301838
1303485
1302182
1304028
1307846
1302366
1306067
1300784
1310616
1310700
1301893
1303322
1310897
1310877
1306490
1306133
1310058
1310774
1305322
1305139
1303055
1301646
1301368
1302433
1302650
1310414
1303464
1309428
1300018
1310315
1301490
1308898
1303249
1301799
1307986
1309261
1310628
1310235
1303393
1309702
1304536
1300959
1305774
1308433
1305158
1303042
1309321
1304339
1309241
1303179
1300418
1307925
1304089
1302312
1306156
1300081
1307636
1305877
1301287
1305761
1305833
1307499
1310866
1310953
1308383
1303496
1303201
1307260
1307855
1309730
1310862
1303729
1300107
1304744
1301777
1300769
1310006
1302465
1305735
1309798
1306485
1302981
1309698
1308975
1306101
1307927
1310132
1309746
1300898
1303899
1304729
1304100
1305635
1302326
1307747
1306064
1309390
1305591
1301995
1309539
1306924
1302343
1302582
1301748
1302525
1300003
1301082
1307068
1300020
1307484
1300999
1310834
1303714
1304299
1304868
1310767
1306239
1302956
1310746
1303474
1306876
1306349
1307041
1309612
1308583
1309849
1302914
1301856
1301683
1302701
1302717
1300295
1310832
1309788
1300325
1308238
1300257
1309043
1301698
1309071
1308986
1302212
1301590
1305621
1300452
1304220
1301226
1303702
1309541
1303777
1308423
1309383
1308198
1300041
1306525
1301015
1301965
1301999
1303694
1309817
1304958
1301480
1308148
1304302
1302230
1310451
1305203
1301600
1300970
1303204
1308859
1300168
1301505
1300055
1303782
1307938
1310329
1304674
1300982
1305703
1310743
1306631
1309436
1303580
1308416
1306821
1307377
1309879
1300748
1309222
1301591
1306219
1307088
1301307
1304498
1301223
1301883
1301660
1305530
1306678
1302789
1301633
1306707
1303336
1300511
1303769
1300785
1306772
1306182
1301506
1306734
1306016
1309712
1306871
1305924
1302027
1302634
1305547
1301476
1303774
1304430
1303009
1300864
1308072
1304656
1301650
1304077
1308895
1304760
1309145
1307791
1307178
1300894
1304648
1302208
1308268
1302156
1302500
1300598
1306438
1305785
1306868
1302371
1304064
1310538
1305958
1305953
1310873
1310021
1304329
1308141
1303975
1306127
1304387
1308146
1308729
1306725
1306322
1302710
1305949
1306416
1305381
1302461
1305344
1304724
1302184
1310823
1309839
1307699
1300034
1306116
1302246
1302853
1307349
1305170
1300105
1302356
1305247
1302674
1300230
1303177
1304417
1301596
1306937
1306245
1303456
1306788
1302867
1304907
1301771
1302990
1300337
1309517
1305216
1301966
1307146
1307764
1307361
1300721
1301815
1307756
1300679
1303489
1305196
1307611
1309745
1304683
1303285
1310978
1304808
1302434
1309341
1300882
1308751
1303413
1307566
1306203
1300827
1304483
1305256
1304897
1304821
1307676
1305731
1304361
1301585
1308617
1307895
1301145
1306758
1310265
1300026
1307074
1310266
1307722
1309581
1309493
1304113
1303734
1300389
1304377
1308294
1302786
1301216
1307826
1307916
1306793
1301388
1304448
1309739
1307251
1307005
1305080
1302295
1300897
1302248
1302699
1300035
1301210
1308737
1308989
1305903
1309131
1309074
1305647
1308566
1309062
1307876
1310076
1309885
1304153
1309803
1306818
1305996
1304785
1307482
1308948
1305108
1308132
1308762
1305167
1306743
1307886
1309678
1303148
1307408
1300589
1308882
1305885
1306119
1309826
1309657
1300088
1306562
1300344
1301630
1301180
1301671
1308380
1310786
1303019
1304719
1309087
1310220
1301285
1310942
1301901
1300430
1303033
1304780
1302002
1307710
1304985
1308403
1300149
1307289
1304561
1302824
1310136
1300194
1302044
1307912
1301886
1300071
1308353
1302680
1307540
1302235
1306018
1301536
1300400
1306613
1306546
1304827
1305004
1310495
1305574
1304096
1305189
1308327
1305171
1309700
1306637
1310687
1306944
1302163
1308249
1300126
1306233
1300805
1303175
1303036
1310850
1300385
1305726
1308155
1300840
1309755
1300533
1300983
1303168
1308447
1302397
1301112
1307002
1308574
1304877
1309445
1300985
1300349
1304535
1309253
1302962
1309663
1305318
1300180
1304128
1310778
1301985
1304697
1301265
1303997
1304740
1300401
1305306
1301074
1304866
1300537
1301946
1300384
1300422
1300743
1303253
1308698
1309083
1305590
1305622
1301306
1308716
1309594
1305098
1309419
1300986
1308552
1308829
1305972
1300250
1310013
1300577
1300253
1307232
1310546
1308919
1309440
1307992
1305465
1305567
1305768
1302416
1305053
1303018
1303360
1302647
1301872
1308008
1303081
1308016
1310516
1309263
1307712
1303012
1306692
1305968
1302742
1306895
1300165
1309984
1300301
1308981
1305208
1309331
1304789
1303488
1300832
1305283
1301255
1308258
1306199
1300802
1303819
1306968
1304813
1302273
1308083
1301875
1306397
1310805
1310937
1304137
1305188
1309179
1302128
1308309
1304751
1305201
1310815
1309820
1301601
1308498
1303947
1310585
1307437
1306910
1306520
1302140
1308160
1309693
1304010
1302882
1308487
1308101
1301745
1300508
1302383
1302856
1307393
1304135
1309059
1300414
1302185
1307811
1300654
1305570
1303293
1303326
1308674
1304458
1310917
1310029
1306858
1305120
1309520
1300874
1302283
1309542
1308428
