1301760
1300472
1309658
1301124
1304774
1303476
1308346
1308292
1311298
1305351
1303883
1300277
1308875
1311964
1310204
1302418
1306841
1303451
1304066
1302708
1300535
1305778
1302022
1301167
1310490
1311638
1301339
1306326
1305233
1305924
1303218
1302694
1307614
1302764
1311953
1306978
1306820
1309169
1303617
1301114
1311104
1304586
1304871
1307569
1306429
1310669
1310070
1308639
1302819
1306380
1304195
1305685
1305200
1307360
1302553
1305887
1311562
1309286
1304622
1308590
1306771
1301543
1304214
1304983
1308253
1308956
1309622
1309654
1307264
1306930
1307355
1300215
1311499
1307018
1307692
1310166
1301367
1305956
1303677
1302405
1302018
1306077
1309958
1303950
1308187
1309718
1307988
1303290
1300409
1300279
1301854
1308754
1306608
1301780
1309402
1304708
1304998
1300207
1304145
1300904
1305347
1301695
1307408
1302242
1306728
1311791
1303265
1308427
1306338
1306377
1309561
1301836
1303039
1306165
1306675
1304970
1308672
1305980
1303741
1311624
1308943
1307378
1301713
1304201
1304179
1302228
1300968
1306742
1305729
1302606
1306218
1308063
1305717
1305248
1305224
1304581
1309602
1308514
1302797
1307831
1309862
1301029
1303090
1305019
1302273
1307196
1306418
1304720
1304776
1300283
1301758
1310641
1307797
1305503
1306865
1302972
1304321
1303022
1307462
1307924
1310581
1303168
1302985
1300357
1301547
1305350
1307647
1310954
1310106
1310211
1309098
1301087
1303696
1307547
1300369
1306650
1304171
1300135
1309722
1310074
1305885
1301597
1303699
1308036
1302885
1309460
1302053
1308842
1308734
1302600
1305483
1304301
1305110
1303360
1305412
1305664
1304257
1300174
1306951
1302575
1301295
1310519
1303383
1301504
1305180
1302516
1307767
1305400
1309670
1311736
1302911
1302881
1301732
1301715
1305328
1310987
1302101
1305942
1304261
1307217
1301463
1309848
1304618
1307645
1303865
1311769
1302769
1309583
1305299
1306181
1305859
1303001
1300916
1308827
1303924
1304079
1309404
1307758
1306394
1303549
1309099
1311627
1305151
1310777
1311578
1307260
1300693
1309595
1311753
1301517
1308009
1303146
1310232
1301486
1302427
1304346
1301400
1307245
1304561
1307911
1308467
1300507
1301553
1304433
1310326
1300106
1306388
1307833
1305840
1308739
1310130
1306627
1306568
1307585
1310377
1303463
1309696
1306057
1308029
1305833
1300704
1301466
1310781
1305387
1303600
1305446
1301096
1309956
1303456
1306640
1304006
1304863
1300054
1311710
1306830
1301330
1301952
1301783
1303227
1304068
1307545
1304798
1304564
1308438
1305838
1300562
1301223
1305941
1301848
1306781
1304374
1307744
1310515
1300407
1301478
1304626
1306355
1309591
1305959
1302193
1303636
1306489
1311474
1300380
1304649
1303733
1307359
1302465
1302251
1307248
1308581
1311209
1310279
1304703
1310637
1300178
1301349
1304313
1303424
1301076
1307021
1309752
1301826
1308050
1308068
1310682
1308551
1305824
1309250
1304583
1307657
1302211
1304934
1300372
1306231
1308473
1300136
1307624
1304399
1301177
1302095
1305693
1303406
1308411
1308517
1308713
1302119
1301402
1311431
1306173
1309075
1303897
1309121
1307182
1303337
1307173
1306746
1311506
1306991
1306553
1306892
1302125
1311919
1311271
1303447
1301133
1303532
1300214
1304021
1303603
1310551
1303975
1305683
1303069
1311613
1310772
1311709
1304379
1302945
1306749
1307254
1302192
1308706
1300896
1306844
1307441
1300417
1308984
1301807
1306982
1301083
1303233
1300459
1310568
1307730
1308069
1302310
1310600
1303997
1307167
1306552
1302234
1301178
1302486
1304515
1304875
1301981
1306393
1306719
1310576
1308768
1306006
1306709
1310020
1309728
1306657
1305650
1308818
1302477
1301913
1305675
1300167
1305164
1300996
1311307
1304984
1305048
1306416
1305009
1300007
1308011
1305401
1307596
1304398
1302633
1307074
1301156
1305927
1305880
1307500
1305450
1303825
1306310
1303945
1300985
1309570
1307933
1302872
1302380
1300338
1301801
1307901
1302123
1311697
1309827
1304717
1304925
1303890
1306376
1300756
1311673
1309211
1311341
1311007
1305220
1302136
1308806
1304780
1300075
1311564
1309819
1301804
1305874
1308708
1300397
1304836
1301787
1300623
1304702
1307232
1307065
1308930
1300567
1306229
1308663
1310543
1308795
1301036
1303373
1308031
1305210
1308579
1304540
1306471
1305135
1309455
1307379
1308939
1310214
1301372
1306040
1305179
1302621
1303399
1308170
1311208
1300877
1302802
1308184
1305078
1309947
1311999
1308484
1302991
1311384
1308135
1311064
1307590
1307687
1308821
1311557
1302844
1305171
1307843
1305065
1306124
1303856
1311814
1304880
1308963
1310820
1308541
1307792
1303537
1303826
1311954
1310140
1307146
1300426
1303101
1308924
1308268
1308358
1305802
1300026
1301154
1305714
1300860
1303358
1311176
1309739
1308369
1301884
1304239
1311180
1305096
1304812
1300611
1301028
1303681
1300059
1310924
1306924
1304516
1303968
1306738
1311096
1303492
1306162
1302628
1309133
1303685
1304568
1311259
1311762
1303740
1302368
1306106
1303401
1304246
1308212
1307769
1302559
1302076
1305577
1305731
1306178
1310773
1307418
1301299
1310956
1302742
1302727
1308444
1303572
1303541
1301990
1308260
1301225
1303376
1306275
1308416
1307641
1303858
1311407
1301708
1307395
1303849
1301706
1302651
1300286
1308449
1301698
1309515
1309725
1311156
1306559
1300637
1309041
1303034
1307838
1304868
1302928
1305255
1301276
1311163
1302549
1310487
1301307
1309672
1311648
1300847
1300832
1310322
1306322
1304638
1307941
1306365
1311224
1301595
1300271
1307948
1301689
1308572
1300899
1306700
1301894
1304997
1302100
1310259
1302111
1304660
1303832
1309909
1305426
1301680
1305067
1308235
1308104
1305129
1308745
1303536
1301052
1307586
1308426
1310861
1303404
1307876
1301901
1300818
1308021
1303397
1301852
1301262
1309953
1305759
1301701
1306199
1307665
1300769
1300813
1303296
1304296
1310123
1301692
1303594
1303921
1306741
1304498
1310573
1306517
1304391
1300196
1301568
1307332
1309280
1304711
1310481
1300935
1307572
1301995
1306333
1308597
1311285
1302448
1309433
1303905
1306066
1303831
1306161
1308630
1302525
1307510
1301967
1300166
1309969
1300753
1300350
1302206
1305427
1308037
1304623
1306014
1306200
1303974
1305448
1306796
1302443
1302712
1309185
1304681
1306966
1303155
1310814
1305961
1304610
1306011
1300079
1311275
1305857
1304114
1306164
1303584
1308147
1309767
1307858
1301870
1310744
1308651
1308393
1304158
1308162
1301820
1307662
1307814
1304932
1305820
1304005
1306723
1302055
1306446
1308115
1308648
1302002
1309065
1300946
1310844
1302177
1308374
1310967
1308839
1311985
1305972
1305144
1300695
1301831
1304641
1300263
1306726
1305894
1307618
1307333
1311909
1308756
1302912
1300908
1311747
1307054
1301755
1310230
1302290
1300706
1309527
1307068
1302038
1301308
1303071
1300324
1303829
1306450
1305928
1301176
1310272
1306898
1304202
1305700
1308643
1306454
1306654
1301809
1307490
1308607
1308190
1302772
1309951
1303208
1311971
1300958
1303763
1304403
1301256
1302812
1302297
1302115
1303092
1311043
1302690
1305970
1301384
1305380
1309992
1310499
1311917
1304723
1301122
1302571
1300680
1300950
1301196
1305596
1307238
1310798
1301626
1301134
1307290
1301490
1309446
1306468
1304839
1302074
1305279
1303457
1303578
1300436
1306215
1303256
1301938
1301552
1300772
1310670
1302222
1308610
1302654
1301811
1308099
1308378
1301263
1304045
1306412
1308182
1306676
1305932
1306911
1304096
1308801
1310926
1301142
1305752
1300754
1304275
1305462
1309512
1308143
1309463
1301439
1301147
1300031
1308727
1302867
1311780
1306132
1308015
1311476
1305889
1305899
1306186
1304427
1306941
1309976
1307713
1302636
1303754
1307966
1303782
1304822
1307389
1300624
1305904
1306902
1311935
1301793
1306133
1306012
1308915
1310362
1307854
1309195
1303385
1301578
1304442
1306421
1310610
1300669
1307813
1301190
1300869
1300080
1301066
1305791
1310786
1303843
1302583
1306311
1306629
1308431
1303664
1300605
1308252
1307003
1307670
1305424
1307722
1303818
1311282
1301010
1310039
1301613
1307403
1306150
1300676
1305673
1308266
1304485
1305487
1308865
1301710
1306293
1305106
1308108
1306364
1301441
1308772
1304438
1303133
1301575
1309339
1301748
1302398
1303667
1300359
1302083
1303544
1307931
1308314
1308503
1304676
1300366
1302094
1302538
1301580
1308083
1311213
1309856
1305422
1306187
1310884
1309196
1308903
1300205
1307341
1311572
1303514
1301994
1302946
1303811
1302826
1301044
1305897
1310846
1302012
1309590
1302808
1309391
1311941
1309377
1308548
1300001
1305389
1304686
1310856
1310094
1301298
1305746
1311707
1304594
1302857
1306461
1308638
1303136
1304233
1310350
1305679
1308716
1306281
1300101
1305987
1301667
1305352
1304478
1309436
1303757
1302224
1306176
1307123
1309218
1304176
1302276
1309626
1305763
1301291
1302910
1309904
1302217
1310112
1303234
1310361
1300685
1311127
1300056
1304491
1300255
1300842
1304266
1305780
1310533
1304018
1309054
1306005
1302540
1307070
1309461
1306969
1304773
1303497
1307475
1311342
1300809
1305281
1305071
1300083
1311818
1302480
1311668
1309114
1310527
1304228
1301322
1305926
1303710
1309889
1302180
1300325
1300403
1302473
1308086
1306899
1311133
1303279
1304705
1308440
1308561
1306652
1307627
1311361
1307365
1308722
1310250
1302906
1302453
1301067
1300911
1306286
1305565
1302458
1307411
1303548
1300116
1308471
1305829
1311053
1308363
1308127
1304366
1306222
1311828
1308414
1303586
1305181
1311425
1301856
1301266
1300699
1304632
1305795
1308039
1311069
1307910
1309562
1309223
1303721
1305847
1307420
1308462
1302827
1309035
1308658
1311574
1309491
1311154
1308544
1308295
1300619
1302842
1305515
1302927
1301323
1310446
1305776
1311644
1301746
1310702
1311529
1304894
1300530
1309103
1300225
1303647
1308087
1310369
1309867
1304237
1302492
1303551
1309234
1301744
1306405
1311628
1302932
1305172
1311607
1311926
1302610
1311399
1308381
1304305
1308195
1302961
1306854
1302774
1304840
1306303
1303427
1306252
1302594
1303425
1304999
1304578
1311344
1302036
1301006
1311745
1304308
1307041
1306349
1309083
1309809
1300146
1304052
1300203
1300349
1301873
1301162
1301423
1303693
1305986
1306826
1307820
1304518
1307113
1302007
1306813
1311278
1308960
1311255
1309272
1303671
1301090
1308699
1303058
1306008
1303152
1301563
1300661
1300744
1304696
1300222
1307482
1300330
1311110
1304197
1309408
1300336
1308043
1304838
1307356
1308286
1308809
1307845
1304750
1309676
1307764
1311299
1309107
1305083
1300644
1305111
1302635
1307629
1302519
1310040
1308006
1302044
1300105
1310756
1309183
1300180
1310376
1301729
1307879
1301397
1301404
1310984
1300589
1309522
1307672
1304946
1305043
1305652
1304027
1301236
1305996
1306448
1308078
1300133
1307358
1307846
1302820
1304343
1300775
1302158
1300389
1304456
1305726
1300816
1302187
1304123
1309907
1308269
1307725
1307994
1301049
1307066
1311085
1305724
1301993
1305576
1302831
1306572
1308942
1305261
1305167
1310235
1307694
1307261
1305484
1310169
1302967
1311647
1310478
1307166
1307050
1310722
1309078
1305895
1302693
1302491
1310075
1301637
1301268
1305268
1301474
1301053
1309643
1302068
1301733
1305813
1300525
1306080
1303717
1302765
1309372
1302006
1309014
1310729
1305034
1301930
1304621
1307278
1304924
1307469
1303900
1310307
1302481
1304634
1302964
1302449
1305456
1309998
1301687
1307777
1300963
1300170
1308158
1300183
1302081
1302551
1310879
1305081
1301989
1308455
1302689
1302017
1302788
1300516
1304219
1301055
1307274
1302994
1310485
1306791
1311966
1307412
1309984
1301380
1300559
1307834
1308148
1306753
1303322
1308114
1305964
1306337
1310189
1306272
1303091
1307401
1309132
1304867
1303596
1306135
1300051
1306485
1301148
1303273
1304758
1311887
1306598
1302696
1303135
1302960
1306413
1308599
1305418
1309902
1307740
1309782
1300934
1301864
1300705
1311948
1310870
1303752
1302671
1305007
1306151
1306706
1302411
1305952
1302103
1300467
1308432
1300047
1300245
1306447
1306437
1310054
1307621
1300656
1309901
1311309
1301945
1307907
1309860
1305610
1305226
1306655
1306512
1301022
1301640
1310427
1301723
1304964
1303323
1306129
1306219
1306015
1304204
1301206
1304369
1302437
1303775
1300771
1307788
1302274
1307917
1311420
1304042
1307484
1302915
1305159
1304064
1309080
1309601
1305934
1304280
1302089
1306539
1309384
1307367
1308593
1309584
1307026
1304571
1306434
1306653
1305707
1311763
1308751
1302941
1303304
1311751
1303386
1300254
1303844
1302029
1300962
1303384
1301365
1311025
1310121
1310561
1301269
1311857
1311774
1302394
1300377
1304340
1300010
1302822
1304122
1300673
1307383
1302213
1305241
1307247
1307560
1307964
1301495
1302291
1305447
1307116
1303120
1311811
1307570
1304462
1306238
1309329
1308512
1300663
1305787
1307043
1311102
1311622
1307226
1305097
1302214
1305628
1307319
1307780
1301100
1309243
1302604
1308779
1307882
1308131
1303223
1300274
1301519
1301727
1308940
1303268
1303086
1308367
1311219
1301660
1308142
1300484
1308721
1311820
1304813
1309642
1305613
1311429
1309719
1302142
1307775
1310505
1307735
1308794
1309337
1305149
1311414
1300927
1310743
1309321
1309374
1301815
1303118
1304111
1311534
1308507
1304452
1300495
1306032
1306613
1306938
1307963
1300345
1307761
1302977
1303703
1310317
1303390
1307888
1308454
1303765
1305954
1308249
1307310
1309747
1301000
1307801
1306498
1311129
1308186
1303718
1303609
1302218
1300863
1307448
1300851
1303231
1308217
1307296
1302938
1310633
1307058
1303743
1305898
1305438
1301171
1304116
1310244
1302295
1300012
1303248
1307376
1311672
1308853
1300367
1307669
1311694
1301429
1300004
1307526
1302061
1306051
1301585
1309686
1308665
1302153
1307346
1307485
1303768
1306560
1301169
1307059
1304695
1311916
1302739
1306554
1306167
1301460
1306027
1302794
1307283
1307736
1308280
1310013
1309266
1303713
1304617
1304029
1306889
1310679
1306824
1302073
1302542
1306024
1305452
1307878
1305944
1310450
1308062
1310620
1302638
1308742
1303562
1309287
1311045
1310300
1306259
1304873
1304161
1311933
1303953
1309554
1306569
1300069
1306622
1301063
1300689
1302114
1305137
1307697
1304631
1309546
1308786
1307909
1303379
1304378
1301173
1301284
1302593
1305184
1307970
1310571
1304691
1300068
1308130
1302399
1309577
1311771
1301923
1300670
1309284
1301408
1306710
1309930
1302683
1303244
1311608
1307240
1303819
1304926
1305668
1304963
1305223
1304242
1310425
1311233
1300354
1304805
1306580
1300973
1306340
1303516
1300291
1300929
1300043
1303494
1300886
1307682
1302852
1302304
1303314
1309050
1311311
1304694
1307581
1301496
1306564
1300337
1304639
1308290
1300933
1307056
1306107
1310200
1311734
1308338
1301671
1302326
1310720
1310910
1309812
1305094
1304976
1301059
1308357
1307523
1311658
1301823
1303283
1302609
1304726
1309877
1300480
1307228
1302306
1302030
1301778
1300464
1308688
1307925
1308458
1311535
1310469
1305546
1309457
1303021
1300339
1305631
1302258
1306250
1306457
1309800
1308693
1304306
1304131
1305672
1304115
1308285
1309820
1307357
1305875
1308497
1305797
1300022
1307275
1303970
1310180
1300217
1308443
1310394
1304085
1306573
1307198
1303439
1306052
1302333
1307893
1307760
1303303
1301231
1305464
1301862
1311595
1306306
1308156
1311588
1308697
1310467
1303186
1309897
1308317
1303813
1309428
1304772
1301675
1302982
1308340
1310042
1306055
1306169
1304328
1309371
1305297
1308364
1302355
1306762
1311701
1301523
1308526
1311368
1310855
1306091
1303027
1305265
1308874
1304466
1306963
1305367
1306464
1305716
1308159
1306518
1303894
1304252
1302444
1309058
1304975
1305481
1304156
1300521
1300161
1309230
1306053
1304359
1310101
1301054
1303806
1310412
1304419
1308231
1304207
1307695
1310420
1309349
1304709
1310841
1300244
1310803
1301943
1302033
1306773
1307172
1306869
1308602
1310479
1307795
1304401
1309893
1302482
1305855
1303565
1307637
1302071
1303874
1305256
1303698
1306261
1303525
1308058
1311322
1307689
1301386
1303680
1308609
1303969
1301857
1302642
1302720
1303016
1300841
1301320
1309202
1303184
1300757
1305862
1301958
1300780
1305372
1307184
1300682
1303211
1307301
1310260
1304980
1309882
1303720
1305449
1306582
1302321
1307953
1305963
1303228
1310015
1301986
1302360
1308864
1303799
1302632
1306123
1308172
1306589
1305337
1302272
1307954
1303786
1300332
1302503
1307186
1302629
1310492
1301603
1305975
1301003
1304560
1300081
1310068
1303019
1300599
1306958
1303460
1309119
1304184
1308164
1301929
1301558
1302701
1310431
1303007
1301438
1304699
1306542
1310248
1305390
1301615
1305541
1304612
1303570
1300570
1307200
1308900
1308899
1306673
1305974
1300173
1308520
1304606
1306702
1302162
1308796
1308400
1304593
1302215
1306983
1302447
1306144
1308265
1307753
1305617
1302381
1300298
1309236
1305287
1300456
1302221
1300725
1311366
1305929
1306637
1308141
1306677
1301872
1305782
1310909
1304338
1301069
1302320
1310593
1308838
1308139
1307571
1304388
1304677
1310358
1303002
1307956
1305571
1301652
1303348
1305733
1306193
1301509
1310038
1300489
1308685
1311610
1301749
1303214
1305849
1300450
1301960
1304428
1308582
1304952
1304913
1301512
1306801
1306766
1303659
1306484
1305736
1307786
1302665
1311162
1306139
1310934
1305364
1301168
1310050
1303534
1310225
1302209
1301079
1305236
1300371
1306976
1300829
1304689
1300327
1310072
1306754
1307338
1303478
1300023
1302121
1301617
1308350
1305694
1307511
1309135
1300786
1304499
1309796
1308138
1307541
1309784
1308732
1303926
1304650
1307445
1310064
1307289
1300928
1300405
1303780
1310434
1305308
1305663
1304370
1304757
1300518
1300565
1302830
1310016
1310261
1310718
1304154
1304049
1305948
1304845
1303097
1308619
1305877
1309153
1305906
1308020
1308100
1308991
1305520
1308344
1300019
1309283
1305533
1311904
1308983
1301662
1307521
1309305
1304628
1309912
1306708
1308053
1308897
1303587
1308528
1307706
1309026
1303954
1306714
1305514
1302647
1305031
1307743
1310448
1311682
1301773
1304665
1311869
1307497
1307787
1307921
1303585
1309798
1310374
1310305
1311469
1303798
1305892
1307916
1300049
1303766
1302744
1301907
1311215
1307399
1306666
1301834
1307124
1307144
1302980
1307161
1304104
1301378
1311952
1304420
1310079
1306732
1309861
1305818
1308365
1310831
1311276
1308759
1311449
1303174
1310206
1308748
1301150
1310418
1311428
1308259
1306496
1305740
1307950
1305517
1307313
1310800
1308380
1304016
1303062
1306016
1301088
1305076
1301484
1307533
1304319
1303992
1300433
1306214
1310830
1305197
1307544
1301170
1303490
1300651
1307603
1300838
1301243
1301538
1307430
1300321
1303059
1305377
1309586
1309816
1306288
1300722
1304675
1303963
1302464
1306649
1306138
1308764
1305442
1308038
1311798
1306846
1308237
1307835
1304915
1306576
1300312
1307829
1307919
1311362
1301369
1304944
1305033
1310176
1300011
1301799
1301513
1311246
1311185
1309308
1300076
1304857
1308397
1305103
1311068
1307887
1300803
1310657
1302040
1304826
1305486
1305814
1301442
1311140
1303299
1303682
1305214
1305173
1300703
1300002
1301407
1307655
1304785
1302439
1305519
1308552
1304603
1300861
1300440
1306257
1301790
1309265
1302235
1301822
1303115
1307699
1302909
1300650
1304181
1305584
1307771
1306877
1304014
1304766
1302648
1308793
1304447
1303392
1301459
1303450
1302347
1301686
1304749
1310735
1306375
1308089
1304360
1310330
1308120
1302354
1307126
1303243
1303756
1308849
1308508
1305846
1307595
1303576
1309221
1311943
1305093
1307987
1306408
1305931
1304849
1305280
1304810
1309298
1307680
1310865
1311526
1302891
1305516
1306102
1300792
1302403
1304446
1308632
1303599
1304282
1308730
1308744
1304573
1308826
1302685
1300241
1310992
1302156
1310285
1311165
1311200
1300014
1308304
1310721
1308571
1307225
1304811
1305030
1311507
1309923
1305997
1302634
1307410
1306383
1303561
1302303
1307971
1311783
1303898
1301742
1307870
1302517
1310567
1310174
1309443
1306597
1307391
1309818
1305278
1302510
1305518
1311148
1310993
1302968
1303309
1300994
1304930
1311991
1307981
1309149
1306945
1310503
1300294
1301812
1304654
1307809
1300820
1302323
1304177
1308424
1311136
1304173
1307006
1300979
1303564
1301704
1307308
1308347
1306196
1310170
1310116
1307259
1306990
1308679
1309741
1306070
1308922
1302241
1304869
1300385
1305024
1306685
1302256
1306109
1301709
1304453
1304887
1305881
1311936
1307912
1302631
1307094
1309775
1310310
1300642
1301540
1305032
1308337
1309836
1306441
1311593
1311014
1302863
1301346
1301234
1310168
1301974
1302731
1308211
1301622
1311821
1310198
1311553
1307584
1303695
1304269
1311370
1304793
1304461
1308468
1306793
1311969
1300064
1304609
1311318
1307093
1302570
1301565
1301370
1303985
1303142
1302656
1305209
1307794
1307947
1301621
1300921
1303028
1301628
1304613
1307980
1310912
1302301
1310730
1307691
1304190
1303444
1300501
1307607
1309813
1307930
1308574
1311371
1302341
1311683
1300597
1310029
1306307
1300434
1310945
1307633
1307515
1306430
1311164
1301726
1303989
1304587
1304022
1310516
1305933
1301903
1309387
1307069
1309225
1304367
1306886
1304368
1306392
1308460
1311266
1308384
1301714
1302923
1308421
1303790
1300629
1305615
1305848
1302270
1309088
1303075
1311760
1308024
1303877
1308894
1301449
1301849
1301251
1300900
1300714
1307149
1303409
1310314
1309884
1308072
1304828
1304935
1300422
1301166
1301023
1308306
1308439
1301895
1305819
1303012
1302862
1303891
1305930
1307906
1303956
1307962
1302821
1300735
1310704
1303887
1302598
1300943
1301878
1302200
1304350
1303464
1305953
1311078
1303899
1304682
1310085
1309776
1308684
1309040
1311596
1311477
1307540
1311540
1302182
1303689
1306725
1311157
1309488
1307473
1301813
1309030
1301642
1310630
1310245
1307649
1306674
1303393
1307258
1306832
1305275
1308355
1300992
1301117
1304102
1306013
1305810
1310246
1311915
1301502
1302611
1311406
1304982
1307236
1308536
1310424
1309874
1309285
1304534
1304881
1308169
1302170
1303471
1309833
1301211
1300880
1309698
1308941
1303317
1301717
1302168
1309240
1306417
1311243
1301919
1305676
1311388
1311287
1311988
1306721
1310460
1302457
1304743
1301693
1305585
1300193
1304004
1306234
1303008
1301673
1303442
1301757
1300455
1311199
1300169
1310947
1308666
1303349
1301237
1306192
1305858
1305437
1307785
1307609
1306514
1309191
1311676
1304988
1308291
1309079
1300626
1309421
1305477
1303350
1300199
1307159
1307381
1305332
1301391
1302539
1308805
1300824
1300517
1304094
1302054
1302979
1308318
1309533
1300853
1310405
1308701
1305799
1305288
1306076
1301516
1301886
1311586
1300948
1301619
1300592
1300329
1303707
1300514
1300328
1311984
1308668
1308761
1303068
1300668
1301776
1304425
1306443
1301520
1301747
1308229
1301031
1304198
1301833
1304892
1304325
1302729
1310994
1304012
1307504
1300179
1308320
1305042
1305474
1310096
1305989
1308377
1307832
1310939
1302122
1307243
1306985
1300127
1304160
1306530
1307369
1302468
1302930
1311785
1307147
1303430
1307583
1300774
1308133
1311776
1303808
1301199
1302828
1301159
1300520
1300098
1308140
1309598
1302409
1307774
1302878
1306770
1304426
1302106
1303606
1301356
1311671
1311767
1303947
1307156
1304376
1304487
1300677
1308168
1303637
1308477
1307081
1302317
1311994
1303281
1311766
1307726
1310894
1310351
1311482
1305601
1300925
1304479
1311369
1309521
1308686
1304754
1307517
1307859
1302622
1310759
1306335
1301532
1301241
1311703
1303630
1304967
1301589
1311951
1303618
1305473
1308973
1304235
1311354
1305860
1308343
1306043
1308324
1311976
1306836
1307129
1310271
1305561
1302969
1303779
1308157
1300482
1311594
1302009
1308163
1308798
1307053
1303550
1303357
1304409
1310061
1311908
1303255
1303722
1300335
1305574
1304411
1302893
1309547
1307023
1301658
1300198
1308198
1303073
1306354
1310183
1306816
1310711
1303744
1305659
1310218
1310535
1303011
1303319
1301456
1302785
1308434
1308129
1310625
1300103
1311861
1304344
1302843
1311698
1305827
1308563
1303857
1301209
1307421
1306632
1302128
1301230
1308456
1302285
1309044
1305355
1304909
1305022
1306881
1308407
1300510
1310286
1307615
1303324
1301257
1302212
1303052
1305333
1303615
1309290
1302993
1311987
1308061
1310051
1311092
1306213
1304050
1300444
1304026
1307778
1302134
1306084
1303847
1310810
1301077
1301984
1301500
1304384
1304954
1301488
1308486
1307955
1304936
1305909
1301824
1308926
1306644
1303634
1300519
1304895
1306828
1303291
1309459
1311841
1304222
1303005
1305304
1304434
1301427
1311555
1303387
1308051
1305796
1307705
1311071
1305722
1300296
1301233
1301480
1303454
1306588
1302641
1311220
1306329
1300827
1304916
1306145
1307255
1300675
1301871
1310404
1306025
1311418
1311547
1304495
1301722
1302987
1301646
1301368
1303929
1303436
1302787
1307527
1300470
1304554
1309112
1310999
1306189
1304060
1311544
1307424
1307793
1311121
1303277
1301364
1310142
1300976
1304468
1305870
1300386
1301840
1305343
1300229
1305920
1308501
1307030
1306633
1308152
1306424
1303377
1304265
1306789
1307992
1304991
1305910
1302498
1306104
1300873
1303412
1305800
1301555
1303581
1305231
1302716
1303633
1304797
1300240
1304127
1307918
1304009
1301544
1310935
1306400
1308957
1307628
1303065
1300596
1303342
1302737
1301129
1305572
1303674
1310898
1303422
1306166
1303109
1303352
1302877
1300552
1303009
1303247
1301678
1305251
1301351
1306211
1301830
1302625
1302584
1309105
1307386
1301360
1307853
1309673
1302064
1306459
1300889
1308302
1307623
1305830
1311993
1303196
1309832
1305578
1301735
1302351
1304585
1304069
1302597
1311001
1303123
1303854
1309140
1307089
1306880
1302280
1305538
1306071
1307663
1300305
1302555
1309854
1309851
1301477
1302874
1301198
1311875
1300505
1306792
1307443
1301051
1303759
1306097
1308310
1305369
1300586
1306439
1308760
1304985
1304107
1309383
1308014
1306678
1305066
1308691
1300443
1302244
1304917
1303145
1304241
1300463
1300546
1305077
1307532
1300932
1308531
1300142
1310584
1310171
1303937
1305936
1306197
1305755
1300466
1302776
1303940
1308916
1311264
1308738
1305208
1303061
1307057
1311992
1309281
1305527
1300721
1302999
1300604
1308282
1303888
1303991
1309312
1301978
1307419
1308862
1306113
1308134
1302839
1307606
1303955
1305595
1309849
1309485
1301081
1309787
1311897
1303512
1311605
1303013
1306315
1302761
1309361
1308840
1308640
1302947
1310229
1301738
1311319
1304572
1301018
1301035
1301416
1303421
1302087
1301050
1303517
1310929
1303249
1302958
1302412
1302146
1308451
1305735
1302580
1301195
1301998
1302574
1311447
1305809
1302049
1303225
1302031
1302992
1305150
1304175
1303263
1309303
1300483
1308242
1307625
1303275
1300831
1308711
1302871
1302587
1307837
1301354
1306100
1301593
1301933
1305107
1310680
1307765
1302854
1305127
1305958
1302446
1301771
1300411
1301239
1309542
1311427
1302879
1304357
1311913
1310725
1301470
1308500
1307634
1310025
1301865
1308025
1303745
1309077
1308540
1310881
1308088
1311464
1303153
1301798
1306919
1304525
1301900
1300408
1304139
1301539
1306126
1305330
1304397
1306977
1306063
1311796
1300428
1307001
1304674
1303201
1310496
1300990
1300358
1309212
1307326
1306970
1300881
1302904
1300042
1302179
1303708
1302837
1309712
1304514
1308137
1310315
1307447
1300949
1300492
1300598
1306866
1301116
1308303
1308166
1305627
1303810
1303084
1301917
1300224
1306520
1304450
1308558
1307145
1306546
1301851
1303041
1303106
1305413
1304923
1306442
1308366
1308281
1302564
1300465
1306867
1306817
1301487
1310360
1311894
1304320
1308200
1306891
1306462
1311750
1304410
1307128
1304783
1303767
1305711
1300616
1308910
1302975
1302096
1302680
1304825
1309061
1310107
1306995
1300168
1307872
1300130
1302027
1300978
1309702
1308992
1304091
1302836
1302649
1307038
1304981
1305662
1305027
1303044
1304193
1306705
1303770
1302581
1308299
1307168
1307520
1302956
1307563
1305671
1306873
1301655
1300833
1303595
1301957
1307842
1304856
1303238
1304556
1309934
1302507
1305684
1302471
1309205
1301482
1308496
1308702
1305754
1301664
1303654
1311669
1305635
1301514
1307630
1304385
1301101
1306948
1304538
1311986
1307013
1300200
1309693
1310100
1303994
1303258
1305682
1310950
1310558
1306241
1308033
1308949
1310031
1305286
1307046
1306939
1303727
1309003
1305092
1311170
1300906
1309469
1311738
1306986
1308084
1307763
1305128
1307404
1308230
1307025
1303193
1308733
1305290
1309701
1310045
1310084
1303838
1300479
1300556
1311922
1309192
1311614
1309450
1301135
1300306
1308308
1305696
1301444
1300788
1308331
1304589
1307180
1306030
1307064
1300601
1309037
1301318
1309251
1306347
1306061
1308556
1303959
1307640
1301927
1306067
1306661
1300267
1302229
1300057
1305225
1304007
1303093
1305409
1308479
1300984
1307494
1301835
1300017
1304787
1304209
1306065
1305289
1306760
1302664
1308990
1301934
1302227
1302902
1306575
1300192
1310433
1303462
1311520
1300172
1311878
1304322
1310341
1311048
1309331
1311438
1304837
1310138
1301853
1306480
1306936
1308598
1306607
1305879
1308692
1310509
1304901
1306779
1308659
1309680
1303672
1300119
1308509
1311509
1309513
1300065
1309227
1305407
1304486
1310172
1300165
1307414
1306414
1309592
1304987
1309217
1303867
1302718
1308655
1303569
1300509
1306862
1305315
1301850
1300868
1302753
1304303
1307984
1305836
1309996
1306849
1306927
1301426
1307266
1305597
1309084
1310918
1306933
1311974
1303686
1302914
1307012
1305335
1306225
1300799
1305524
1308649
1310681
1308283
1302869
1300817
1305379
1303335
1311198
1307908
1309411
1307446
1305100
1302390
1304352
1309737
1307314
1310368
1307914
1310578
1302188
1305053
1300276
1301541
1305812
1300787
1308933
1307442
1304206
1305699
1307557
1300223
1305155
1305548
1303414
1305317
1307300
1308370
1302521
1304830
1310381
1308216
1303104
1309150
1305295
1307178
1300406
1308209
1308565
1305373
1308155
1309552
1308755
1300579
1306387
1307492
1306662
1311725
1302191
1306456
1310755
1300063
1302279
1305465
1306423
1308670
1309423
1305607
1311090
1304671
1301659
1307343
1303289
1303738
1305988
1305306
1310917
1309170
1302866
1307766
1303568
1304739
1305938
1303526
1310366
1308095
1311419
1304760
1306768
1302288
1305706
1310318
1300473
1310021
1303750
1310921
1306094
1302658
1303723
1307926
1302062
1308808
1308390
1305655
1302262
1307860
1303644
1303054
1306829
1304415
1310644
1302568
1304106
1302892
1304339
1308650
1307051
1306979
1300134
1305113
1303771
1301782
1301751
1301208
1310273
1301403
1305645
1306309
1304475
1302533
1307131
1301188
1302591
1310552
1300802
1310227
1302850
1300888
1304942
1304730
1310062
1304185
1302704
1307457
1308220
1301046
1303939
1305984
1308151
1304285
1301305
1307756
1311194
1304965
1311030
1310129
1311629
1309344
1302432
1308519
1303823
1310959
1310234
1308767
1301172
1307575
1308373
1302691
1305252
1302778
1306438
1305207
1304435
1306018
1307330
1304781
1309829
1310083
1308240
1305804
1300143
1301485
1304496
1311138
1306731
1307117
1306050
1301218
1300564
1300268
1305121
1306035
1301976
1304874
1309507
1309567
1308999
1309745
1301388
1303053
1302562
1302343
1303739
1309667
1306268
1308056
1301327
1311123
1308913
1305807
1302779
1302501
1308073
1305244
1306956
1306707
1307045
1300266
1304633
1302855
1305789
1302025
1307197
1305140
1301431
1300310
1308729
1305185
1305454
1309316
1306509
1310344
1309318
1309573
1300870
1306390
1305046
1310962
1304400
1301914
1309106
1306190
1302719
1308746
1301631
1301970
1304536
1306328
1311700
1306522
1310829
1300307
1303972
1306621
1311347
1306581
1300128
1301596
1305384
1308376
1303484
1305124
1300013
1310726
1306058
1303173
1302298
1310872
1302817
1303435
1309932
1301121
1308109
1311190
1306038
1302141
1307653
1309730
1309983
1302063
1306146
1304522
1310363
1305146
1300759
1307014
1304408
1307028
1310762
1307284
1301348
1302151
1310555
1308861
1310059
1305182
1304655
1306713
1302859
1309647
1301140
1308743
1306743
1303328
1311106
1300544
1300297
1307608
1306295
1300551
1303653
1306992
1304969
1307453
1302387
1304597
1308391
1308736
1309113
1308812
1307405
1311981
1309475
1302065
1310108
1303638
1301847
1302614
1302090
1306088
1305114
1301599
1301550
1308626
1302679
1310320
1303353
1303918
1301734
1300529
1301574
1309501
1300707
1302231
1303262
1300288
1306971
1300158
1310036
1306198
1302900
1306744
1301866
1303593
1309275
1309735
1300555
1300185
1304270
1302660
1307086
1304477
1302620
1309823
1307840
1310606
1309954
1305072
1307552
1310806
1304544
1311153
1300578
1304824
1305512
1309995
1304387
1311231
1300197
1304943
1308028
1302327
1301021
1306852
1304548
1302102
1308105
1310542
1305593
1309027
1308241
1309124
1306343
1309147
1300503
1303148
1302735
1303089
1305866
1300625
1301253
1305147
1301690
1302198
1308522
1300071
1305292
1305316
1306929
1307896
1310122
1303730
1304790
1306540
1306427
1310299
1305506
1300846
1304651
1307036
1308557
1303333
1306270
1310562
1308850
1308419
1311122
1311967
1306089
1300575
1303301
1305586
1306785
1310463
1311352
1307136
1302299
1301570
1306811
1300343
1311262
1300924
1301271
1308435
1301827
1306874
1307088
1303942
1304013
1309899
1305392
1307559
1302668
1304580
1304727
1303389
1300821
1306917
1304431
1310868
1303033
1307039
1303614
1308348
1306591
1307060
1306583
1307720
1308119
1301720
1309574
1311134
1301210
1300182
1309955
1304716
1309395
1303395
1300429
1309691
1306033
1300317
1304507
1311500
1305229
1311115
1307042
1303912
1310758
1310728
1305969
1305139
1310818
1303935
1303037
1305554
1303063
1306472
1304842
1308869
1310104
1302129
1302455
1307983
1302254
1302378
1311995
1300874
1310826
1307345
1305250
1308635
1311592
1301160
1304356
1306888
1308001
1302579
1305891
1308132
1307456
1301379
1309960
1306847
1310622
1306667
1306835
1304866
1308788
1302190
1303920
1300499
1306049
1310389
1308146
1304590
1307282
1308778
1311197
1301828
1308828
1302617
1300698
1305869
1303503
1311598
1300527
1307377
1309503
1306282
1300848
1311492
1303105
1305749
1307976
1307537
1308464
1310799
1309007
1307577
1301128
1303076
1307529
1311978
1300402
1303365
1311178
1300800
1304860
1305089
1304807
1310834
1306247
1304566
1310687
1308587
1305835
1306411
1301039
1304377
1310443
1308712
1305805
1311095
1302184
1308475
1307659
1310673
1303318
1303539
1310221
1309629
1300487
1302567
1302268
1305712
1308554
1307664
1309060
1304629
1301296
1311925
1300235
1303629
1305841
1301085
1304497
1304503
1303889
1308494
1303982
1307234
1304949
1306848
1303107
1306158
1311158
1309074
1302905
1302311
1302506
1311755
1311151
1311690
1309163
1300112
1302849
1309588
1300749
1308060
1308710
1307034
1302973
1305036
1309231
1303855
1305346
1301936
1308248
1309018
1311160
1307622
1310178
1303700
1308193
1306684
1306277
1302832
1308175
1301420
1305923
1308967
1303437
1305868
1304043
1305475
1301224
1305489
1310459
1311788
1307095
1311055
1302798
1307592
1300210
1304365
1304423
1300418
1306918
1307215
1300649
1310311
1307002
1301505
1302799
1307796
1311077
1303862
1301371
1307667
1305999
1301968
1307189
1300739
1300664
1311533
1301424
1300262
1306403
1307646
1303848
1300875
1305005
1311511
1305014
1303760
1311033
1303213
1309356
1301175
1301473
1303431
1310387
1302692
1305798
1300438
1309648
1306216
1307869
1302526
1306623
1305905
1308448
1301918
1302713
1308633
1307471
1311328
1309994
1307580
1306999
1303310
1304630
1308113
1303736
1300684
1309118
1304535
1305068
1309572
1311241
1302624
1303116
1305623
1311538
1301447
1311789
1304162
1304616
1311310
1310410
1302140
1304353
1304722
1308097
1303753
1310640
1309089
1311713
1304318
1302319
1311571
1303294
1302666
1301333
1307632
1303446
1301181
1304627
1302586
1309650
1305555
1301034
1311002
1308873
1307693
1301258
1303079
1310655
1303082
1308740
1301203
1306804
1303938
1300654
1309172
1308022
1300475
1305493
1302674
1311301
1300773
1304455
1309830
1301948
1301385
1303812
1304354
1310312
1300341
1304889
1302823
1308719
1301681
1308359
1301232
1303320
1301554
1300384
1306681
1310504
1307139
1304890
1307998
1308985
1309291
1310386
1310120
1306363
1308387
1309177
1308180
1303400
1304272
1304759
1301522
1310811
1307568
1311063
1310111
1304033
1309514
1308383
1305165
1307742
1305404
1304657
1309905
1305873
1309529
1308032
1307375
1302257
1300528
1304260
1300032
1308118
1309891
1300738
1301731
1304884
1303910
1300718
1306385
1303047
1310802
1308406
1306096
1305073
1302126
1311868
1311260
1307288
1306330
1306914
1304051
1308741
1302034
1300635
1306871
1305470
1303996
1303762
1304707
1311528
1307199
1311036
1303635
1302075
1307062
1301996
1308678
1305844
1311569
1309786
1301614
1303931
1304747
1305730
1305272
1300278
1305566
1301601
1303202
1303288
1304474
1303547
1308255
1310714
1306533
1309271
1308330
1301961
1309246
1302430
1303751
1308003
1302563
1306516
1303714
1306567
1302646
1300607
1308429
1301530
1304853
1311554
1302589
1305551
1305991
1311411
1300015
1300340
1301293
1303416
1310732
1302976
1311890
1302281
1303895
1302194
1308287
1303691
1309309
1307639
1301768
1305482
1304940
1301048
1301556
1302619
1305539
1302161
1302415
1311082
1306952
1304240
1303777
1310753
1308624
1307071
1303952
1307551
1300381
1300884
1309479
1302189
1301792
1303051
1301572
1302535
1302181
1306396
1311944
1310237
1302461
1300195
1300208
1307083
1310997
1307440
1302875
1309104
1304784
1311459
1300454
1310684
1303628
1311239
1308885
1304506
1302316
1305098
1306296
1303261
1309980
1304084
1301762
1308965
1300617
1310264
1311393
1306046
1300226
1307049
1300432
1305911
1301118
1304134
1309926
1308925
1300242
1300998
1309279
1301506
1302164
1300915
1305201
1309386
1301499
1309859
1305112
1307710
1300070
1308433
1311222
1309523
1311088
1304236
1305079
1301345
1300755
1311905
1303610
1300627
1305396
1301939
1300420
1302561
1302416
1301213
1311583
1303078
1301694
1309414
1301536
1305070
1308664
1300632
1304025
1300221
1311135
1306616
1304835
1304489
1303339
1310188
1303930
1309299
1302884
1301303
1306334
1304087
1308859
1303117
1311017
1311543
1310190
1303604
1305581
1302513
1307115
1307873
1308802
1303171
1303907
1307242
1301959
1305723
1300726
1300346
1302336
1303096
1310794
1310691
1306017
1301905
1311263
1310594
1300382
1300077
1303785
1306875
1308197
1310483
1309949
1301676
1305720
1300474
1309207
1301604
1305630
1307922
1305632
1300132
1310529
1305239
1302527
1311558
1302026
1310274
1304036
1308327
1307986
1306262
1303363
1309950
1310091
1304648
1305431
1307468
1303958
1308000
1303025
1301184
1310978
1301618
1303049
1306935
1306614
1311907
1300270
1301950
1306787
1306511
1301616
1306765
1310795
1306373
1303102
1307828
1305169
1304914
1305428
1300643
1302669
1306551
1307656
1306550
1306729
1303434
1304363
1311345
1301627
1307897
1306907
1307602
1303272
1306997
1304782
1307431
1304957
1301161
1309009
1311326
1306502
1307776
1303178
1307638
1306304
1300728
1311187
1306179
1305769
1301508
1300750
1306541
1303271
1307489
1310981
1305772
1311494
1303004
1309530
1303149
1306302
1304704
1306318
1306358
1308569
1300526
1310548
1305212
1304287
1307265
1300448
1309677
1301417
1304493
1307940
1311883
1301283
1310466
1306239
1303966
1307384
1303802
1304956
1300692
1302924
1307193
1303140
1302205
1307044
1302144
1305592
1307132
1301228
1306955
1306739
1303336
1311422
1309376
1303127
1302223
1306465
1308005
1304393
1301357
1306624
1311695
1300839
1311277
1306223
1300810
1301591
1308566
1308436
1309500
1303656
1311699
1301119
1302041
1302127
1301529
1303212
1310998
1304769
1308749
1305221
1301493
1307816
1306747
1309780
1303197
1301226
1310455
1308728
1300588
1311654
1303948
1300295
1301314
1307589
1309181
1307073
1302965
1308368
1302137
1307011
1305569
1306536
1306759
1304309
1307555
1304467
1307432
1306255
1304430
1306603
1309325
1303125
1301336
1305003
1302896
1310383
1311758
1301151
1311601
1306563
1302745
1301016
1302216
1310429
1308705
1301086
1303423
1304794
1305269
1308452
1307549
1304293
1302334
1307857
1309966
1300937
1303042
1306764
1307413
1306783
1311314
1304273
1301759
1301921
1306664
1305186
1303181
1303479
1300149
1307866
1308315
1308908
1301557
1306279
1309468
1311044
1309792
1302084
1305691
1309400
1300361
1311320
1302988
1309788
1301620
1307027
1305488
1303649
1304101
1308233
1300201
1311839
1300959
1300580
1305765
1300815
1308313
1307321
1311089
1301587
1304099
1308474
1304015
1311619
1300513
1301476
1306803
1303380
1305102
1306128
1304678
1311733
1303876
1306492
1307747
1305235
1307709
1308410
1305341
1303919
1304041
1302864
1309136
1301017
1311677
1310181
1300887
1310034
1301313
1307553
1304714
1311625
1311083
1301332
1305243
1301393
1307539
1301436
1302174
1309145
1304978
1310528
1307032
1307017
1310942
1308041
1311807
1310545
1308415
1309975
1309045
1300732
1309811
1301935
1311074
1308218
1303836
1306206
1304071
1307201
1310688
1303861
1300500
1300727
1308351
1303676
1301649
1309393
1307098
1300375
1301352
1305967
1310270
1303250
1310968
1303381
1301941
1311360
1305069
1304775
1308868
1305058
1308010
1311512
1307535
1306584
1304738
1301103
1303657
1303661
1309139
1306370
1305041
1302469
1301909
1310990
1304819
1304483
1309447
1304083
1304283
1307118
1301366
1300947
1306045
1311390
1305854
1303112
1309176
1302926
1303850
1303566
1307562
1300717
1304065
1311171
1302500
1306426
1303307
1306320
1302853
1301859
1305896
1311847
1309405
1303138
1311424
1301061
1308425
1311856
1304725
1310323
1308293
1306812
1305882
1300952
1306548
1302250
1303441
1304262
1307904
1300395
1303132
1306114
1306147
1306157
1300401
1302032
1301155
1301395
1309239
1305922
1304905
1309690
1302888
1304899
1305215
1311632
1309766
1310453
1305856
1306821
1307871
1307202
1305386
1306515
1304559
1310636
1303369
1303126
1310342
1301904
1309431
1304109
1306538
1300909
1308567
1306099
1304208
1311527
1301983
1307272
1305801
1309193
1301341
1303085
1310391
1301304
1300494
1305329
1310022
1307960
1300256
1309293
1310656
1302752
1304381
1306406
1301182
1304460
1307979
1306524
1300176
1300061
1310546
1306325
1309125
1301325
1309276
1306769
1307836
1306556
1311696
1311914
1310873
1300940
1308408
1307588
1305686
1307688
1310723
1302199
1311972
1303662
1306639
1303731
1302933
1308372
1311892
1302751
1308271
1309465
1309660
1303161
1301238
1311835
1300633
1311232
1305490
1308600
1305826
1306140
1300060
1300089
1306904
1300545
1303543
1300883
1306227
1306922
1300124
1304897
1309986
1300239
1310150
1301242
1310421
1300025
1306531
1300260
1307213
1308045
1308035
1308145
1310440
1302623
1308656
1308272
1307141
1306529
1310862
1301109
1306831
1305884
1309713
1303158
1304941
1300390
1310098
1302675
1307550
1305562
1301469
1303487
1304736
1308074
1309178
1304484
1304217
1310319
1305119
1304234
1310458
1302240
1310409
1303648
1310011
1302684
1305695
1303080
1300468
1303846
1306920
1306510
1307114
1303302
1301105
1301409
1305542
1305061
1311003
1300311
1304567
1302079
1309244
1301691
1303556
1301279
1307072
1303239
1304299
1303787
1308466
1303468
1307354
1303364
1302024
1300374
1308961
1304432
1305130
1303678
1303210
1300126
1304891
1307863
1311781
1302230
1304238
1307374
1305491
1307368
1303669
1300628
1309464
1302308
1306352
1310205
1310887
1307810
1302195
1307392
1308872
1304528
1304347
1310885
1307498
1310103
1307020
1306397
1309144
1301940
1307528
1309028
1302010
1303833
1303964
1305090
1308757
1304294
1311759
1302531
1310763
1304349
1310346
1305282
1310986
1311027
1303139
1304553
1304971
1301138
1302021
1305560
1301422
1310671
1309438
1302644
1304076
1309451
1306860
1305509
1311308
1302953
1309508
1302672
1310817
1303498
1301770
1304562
1303205
1311737
1303222
1303724
1310904
1304465
1301898
1308023
1305647
1303621
1302133
1310652
1311084
1309551
1306946
1306436
1305621
1303908
1303367
1304213
1304386
1304312
1306822
1311552
1311519
1304574
1311721
1303269
1305177
1306044
1303871
1305434
1306949
1306722
1305206
1307133
1310761
1304286
1307106
1304454
1305540
1311795
1310163
1301445
1306267
1305249
1306638
1305611
1301126
1303121
1306082
1305371
1307819
1301926
1301377
1300285
1308935
1305117
1305382
1310964
1306996
1311491
1304806
1306116
1303048
1303285
1305641
1303571
1306368
1311859
1304543
1301743
1308332
1301721
1304904
1309991
1309627
1302515
1307077
1309022
1305845
1304532
1302386
1302201
1302725
1302105
1303070
1309855
1305378
1307061
1305530
1311451
1304882
1302659
1308185
1310858
1304464
1307969
1310675
1306285
1303582
1306366
1300066
1305917
1301260
1309679
1306565
1304251
1304169
1300353
1301761
1302944
1309606
1310877
1304429
1311743
1308203
1302259
1306806
1310890
1304002
1305143
1302607
1305744
1302795
1306323
1307784
1308019
1306737
1308953
1311880
1305567
1300404
1311221
1300248
1311247
1304531
1302176
1303330
1300825
1308055
1303510
1302005
1306087
1311072
1308603
1308642
1307737
1302460
1301825
1304898
1301670
1310495
1304549
1307203
1302379
1300191
1306943
1309365
1307613
1301980
1301810
1311206
1302755
1306672
1308622
1307246
1307233
1300094
1309452
1301033
1301992
1300686
1304481
1300379
1300515
1306600
1304718
1310663
1307016
1303660
1303230
1300919
1311844
1310507
1305049
1300155
1307668
1301335
1307587
1303675
1300986
1300261
1305203
1302367
1303270
1311934
1303060
1302371
1311455
1306226
1307892
1302066
1300540
1308428
1308876
1302470
1306795
1310751
1307905
1310004
1300657
1311183
1300034
1303520
1306691
1310712
1303242
1305742
1300453
1305709
1303936
1305120
1303154
1305262
1303452
1304458
1306170
1301201
1307600
1301249
1304510
1306571
1308901
1306433
1305193
1301740
1301590
1307122
1302706
1308339
1308515
1307325
1308661
1307175
1303619
1307899
1306131
1303165
1307507
1301452
1300162
1306399
1305639
1311655
1302165
1310660
1309548
1305525
1311130
1310449
1305748
1307781
1311843
1309873
1305312
1307685
1303306
1304232
1303903
1305960
1307779
1310750
1305313
1307937
1311739
1308495
1305575
1307915
1300660
1311754
1306660
1302410
1310938
1311938
1302989
1301012
1305888
1303965
1302657
1308687
1306020
1301531
1304619
1310666
1305547
1301657
1306973
1311833
1300767
1300778
1303351
1308920
1308568
1300388
1307152
1311626
1308395
1307936
1300837
1303480
1305008
1305059
1301376
1300770
1300917
1300953
1305872
1302261
1307221
1308631
1306294
1309261
1309879
1302566
1307674
1302008
1304227
1305088
1309403
1301158
1304827
1310582
1300478
1306034
1300975
1310081
1309764
1309652
1300747
1311253
1306422
1302758
1306379
1307407
1302139
1306988
1303469
1309224
1311609
1310461
1311204
1311724
1311524
1301481
1302919
1306331
1300299
1301267
1304989
1307339
1310559
1307711
1302730
1305228
1303597
1305055
1302051
1306998
1302358
1304796
1307573
1307542
1300175
1304701
1311816
1309368
1306289
1309008
1311378
1307465
1306269
1304896
1302232
1306156
1311963
1300658
1306974
1311715
1300878
1301814
1302608
1307276
1310815
1305319
1301011
1300741
1307995
1310257
1311746
1305704
1309043
1308316
1310380
1304771
1310023
1301245
1301548
1305136
1308714
1311452
1307731
1304170
1311903
1302413
1302296
1306823
1302557
1302667
1300960
1301889
1307112
1305054
1307815
1308959
1310989
1302550
1306786
1309108
1308030
1304383
1305648
1301131
1302300
1306119
1304977
1302756
1300194
1305366
1301282
1309805
1310716
1307714
1302344
1311958
1308790
1307336
1306934
1301954
1310851
1304031
1304394
1308493
1305356
1307329
1306525
1302402
1306989
1305609
1308224
1311450
1306491
1304800
1307079
1303119
1305594
1311893
1308537
1301005
1300901
1304698
1300737
1311757
1305219
1308065
1302264
1305325
1302417
1310960
1311871
1304121
1305665
1309029
1303815
1308082
1310238
1310859
1307619
1308008
1306968
1305871
1302494
1300903
1310268
1305766
1303122
1303837
1301024
1307746
1307340
1301202
1300639
1302627
1300100
1304777
1309296
1307273
1311874
1310359
1304908
1309245
1310118
1305832
1306704
1302637
1307415
1311040
1301350
1309641
1303913
1306610
1305439
1301937
1307617
1305393
1310572
1305017
1305667
1307244
1308284
1300938
1305792
1309481
1308417
1305294
1310437
1300424
1307075
1302523
1300264
1304693
1308007
1304692
1302931
1300118
1309977
1305274
1307884
1310069
1306957
1301549
1310619
1311901
1311245
1311882
1307481
1306246
1305658
1310674
1309162
1311460
1306174
1308747
1309734
1309304
1301991
1302569
1303839
1300587
1304844
1302249
1305153
1308704
1310209
1304396
1306532
1301026
1300807
1307574
1311478
1302963
1309493
1307429
1301041
1306339
1304441
1310233
1303563
1308946
1306086
1302253
1306669
1311057
1306579
1307817
1303521
1304371
1311549
1310615
1305381
1302175
1308278
1305383
1307802
1302362
1306693
1311202
1302423
1307262
1305890
1302616
1304770
1311825
1308335
1300423
1300084
1309370
1307127
1311973
1309519
1300125
1306834
1307335
1300796
1300758
1307824
1300086
1305247
1301200
1300072
1305375
1305468
1302887
1310452
1302433
1304558
1309726
1302419
1307422
1311806
1306313
1308102
1309422
1307561
1307852
1301250
1303909
1302803
1311865
1303845
1307385
1311635
1308848
1306415
1303375
1307388
1310664
1307827
1302950
1305345
1308995
1311137
1301700
1303417
1301677
1311080
1308533
1310587
1301634
1305751
1301728
1308027
1309226
1301794
1310973
1306776
1303448
1310853
1304178
1302109
1311665
1308843
1303067
1309129
1301280
1301292
1307496
1305901
1307605
1310115
1303529
1310185
1307715
1301784
1310980
1306081
1311714
1308459
1307190
1304130
1305091
1301561
1307749
1303144
1303652
1306236
1308353
1306689
1302160
1304334
1300641
1307347
1303485
1305029
1310217
1301462
1305687
1305063
1306244
1307162
1302974
1304200
1303207
1302393
1311076
1305925
1303805
1307163
1305806
1300122
1307752
1308288
1310902
1309779
1311675
1307567
1306470
1311824
1311940
1306372
1300469
1302565
1305737
1308800
1301741
1307895
1301946
1301842
1305756
1306059
1307519
1303006
1306590
1305976
1305762
1306825
1302252
1302514
1306972
1303803
1305940
1306327
1302116
1302913
1303038
1302880
1304721
1307495
1301803
1304046
1302000
1300667
1304191
1310003
1306711
1306220
1300512
1309618
1308510
1308785
1300609
1303347
1309603
1309559
1308604
1306092
1302019
1304249
1311830
1302682
1302949
1308215
1304517
1302097
1310316
1308504
1303055
1302801
1303355
1306120
1309760
1304820
1311906
1300826
1306207
1307807
1305811
1302043
1303979
1308815
1303164
1308080
1306778
1301754
1305977
1304421
1309920
1310692
1303026
1309756
1306069
1308735
1300797
1300845
1300584
1308328
1309038
1305060
1311749
1307690
1309444
1311327
1302287
1304601
1310512
1308726
1310255
1309822
1310601
1301247
1303560
1304643
1304948
1309057
1300865
1306908
1308136
1300218
1311024
1301401
1301163
1304816
1303729
1311662
1306210
1300376
1305702
1306630
1306863
1303413
1301432
1301607
1307029
1302699
1302424
1307601
1308094
1300137
1300045
1309131
1308784
1303251
1300378
1304157
1306909
1309700
1310544
1309524
1302208
1303896
1302747
1304163
1300776
1305636
1301537
1300416
1300251
1305785
1303488
1304614
1304090
1308254
1302710
1309623
1302356
1305408
1311653
1305703
1305360
1305743
1302315
1311489
1301663
1309467
1306007
1309850
1310357
1310442
1300942
1301326
1308341
1310580
1301832
1304250
1302067
1306036
1304382
1306827
1302697
1302829
1302472
1305935
1302309
1304851
1305510
1310927
1307890
1310740
1304117
1309662
1307644
1302078
1301653
1303371
1305781
1306125
1301665
1306495
1304659
1304872
1301963
1311726
1305678
1309906
1311651
1304288
1302396
1304444
1300206
1305995
1307096
1311223
1311094
1305361
1301358
1305852
1305582
1302077
1300058
1305394
1309754
1304470
1304218
1307227
1306111
1305816
1305138
1309924
1305697
1302263
1304210
1306876
1311186
1302305
1303362
1310896
1310628
1300177
1303226
1300493
1309314
1300862
1300050
1301285
1305399
1307078
1311579
1301390
1307499
1302734
1303407
1304074
1305864
1309842
1305523
1309655
1310152
1301337
1306878
1303557
1304326
1311797
1311842
1308543
1302404
1311409
1307611
1309611
1302093
1309254
1311218
1300566
1301629
1309761
1311542
1306278
1311268
1307230
1307556
1306497
1304604
1305013
1307361
1303769
1308453
1304437
1300808
1301579
1306305
1302715
1303167
1301110
1307311
1307891
1311580
1306353
1305573
1309518
1307862
1311846
1309484
1307651
1300783
1301605
1310613
1301887
1301716
1305357
1308851
1303916
1304274
1307285
1304231
1300910
1304552
1306528
1302736
1306256
1308309
1307364
1301062
1308222
1306604
1309916
1301697
1300563
1309681
1300282
1301636
1306028
1307894
1310835
1306378
1304600
1301647
1306264
1301916
1311502
1307251
1307818
1311591
1311756
1310957
1308121
1302014
1308669
1301724
1303728
1306184
1307929
1304119
1305259
1308671
1302365
1301763
1302342
1308576
1300694
1306042
1306697
1308267
1301795
1301127
1300144
1305190
1301535
1311265
1304607
1305843
1301672
1307406
1300648
1311297
1309531
1306940
1310371
1300852
1307967
1304859
1303711
1305946
1300363
1306266
1306249
1300488
1303990
1310073
1305949
1304501
1310634
1307881
1310539
1310402
1308206
1308238
1306083
1309333
1301633
1300997
1301107
1306788
1306314
1310297
1302243
1307985
1305344
1301080
1303481
1306763
1305132
1302495
1310602
1303519
1301844
1308898
1306724
1306651
1303170
1310058
1305359
1304753
1311128
1304488
1302702
1310088
1308234
1300035
1305322
1304141
1304199
1300806
1309127
1300508
1305028
1305388
1302780
1303405
1308106
1309771
1308577
1309486
1305157
1307509
1302438
1308225
1308825
1301353
1311912
1300108
1309556
1304669
1300046
1310659
1300018
1302771
1304802
1307707
1300413
1303508
1302248
1305971
1305458
1307721
1306808
1307754
1311114
1303623
1309840
1301146
1305116
1306659
1311107
1310819
1301712
1303428
1303298
1300840
1300918
1300542
1304974
1305178
1310513
1302952
1300383
1307192
1305878
1306625
1300236
1301274
1310334
1307373
1302612
1305757
1300309
1308103
1306626
1303507
1301501
1309569
1305741
1308071
1305501
1300318
1310579
1311896
1305531
1311808
1301880
1306810
1300634
1303313
1303305
1308981
1306159
1310557
1307982
1302650
1300716
1302951
1311436
1300148
1310854
1310609
1303712
1310608
1305719
1311303
1308409
1304448
1304918
1307716
1305825
1302414
1309063
1306870
1306912
1305710
1300316
1307868
1309235
1300954
1308323
1306149
1305803
1302340
1302186
1309839
1311335
1303203
1303429
1311227
1303725
1310775
1300095
1311895
1300039
1301265
1306453
1303559
1305298
1307487
1307724
1310668
1303378
1308219
1305320
1303650
1307187
1305443
1303506
1306499
1300247
1310293
1304290
1300234
1311643
1303555
1309790
1308210
1301564
1309917
1307271
1309152
1309774
1306818
1305082
1308846
1305045
1301528
1302643
1309143
1310044
1303702
1302841
1301302
1301071
1300659
1300729
1300854
1305536
1303440
1306595
1301524
1310146
1303872
1308994
1300504
1301750
1305472
1300394
1310876
1300447
1303791
1310650
1308627
1309001
1302937
1303103
1301882
1300871
1309632
1305908
1311433
1300708
1300812
1308274
1305767
1307417
1309876
1302047
1307530
1311193
1309020
1309454
1309937
1300041
1302389
1305126
1302349
1309017
1304713
1304667
1308905
1310082
1308243
1301635
1308026
1302955
1300681
1300304
1301924
1305189
1311146
1305985
1302601
1303449
1310356
1306479
1306953
1310661
1306435
1304912
1306620
1303679
1303642
1301229
1301448
1303199
1308906
1305216
1301510
1300966
1304333
1307433
1309495
1309944
1300944
1308189
1305134
1301643
1304907
1305937
1304588
1306136
1307092
1309262
1307047
1311968
1311161
1310734
1303100
1310946
1301987
1305764
1301955
1309821
1305653
1304512
1310787
1301491
1309352
1310678
1308394
1307883
1305893
1300441
1306885
1310769
1304302
1309024
1302434
1303692
1300720
1310574
1307525
1309471
1305602
1301157
1307268
1307757
1309053
1311047
1302266
1307394
1306409
1302246
1303274
1303472
1301650
1310090
1308221
1310494
1302173
1304098
1301430
1306002
1308264
1302707
1300897
1301381
1302225
1311741
1310695
1311719
1304137
1309101
1308450
1311493
1310486
1309270
1305535
1305526
1300062
1307683
1307729
1304416
1311666
1302897
1311761
1301915
1306605
1307604
1308122
1302489
1301125
1307748
1310916
1311531
1307951
1305307
1300053
1303518
1306890
1301821
1307861
1302995
1307208
1300569
1308958
1305945
1310406
1301334
1300326
1301699
1308117
1310491
1305900
1305237
1302754
1306175
1302959
1310182
1305771
1304086
1305240
1306703
1311599
1311184
1307102
1310612
1305148
1303511
1302467
1303183
1310046
1301988
1304829
1303820
1311475
1304945
1301598
1308177
1302530
1303182
1304911
1302858
1306544
1310614
1303035
1300111
1303885
1304220
1301785
1307821
1311481
1310086
1306201
1307959
1302406
1303332
1302790
1307503
1300957
1301373
1303284
1302990
1306634
1308996
1302615
1311101
1310382
1308969
1307214
1307436
1306209
1306683
1302046
1302962
1311097
1304062
1304656
1306332
1311657
1311712
1306237
1300152
1305994
1310822
1309900
1308927
1307677
1301639
1306386
1311050
1309837
1302522
1306535
1308277
1309076
1301418
1310131
1305850
1306093
1303998
1303533
1307934
1306481
1302750
1304070
1307176
1307874
1308257
1305433
1304159
1308652
1310468
1304902
1308300
1301043
1309241
1308046
1307538
1310975
1306072
1301316
1306452
1303583
1300864
1310143
1304494
1304030
1309458
1309615
1304248
1306733
1303513
1303344
1307237
1309928
1302824
1311829
1301518
1310413
1300930
1303800
1305122
1309664
1302983
1308644
1306122
1304108
1309013
1304268
1306079
1302777
1307991
1308978
1303701
1311350
1300779
1308586
1303882
1309661
1303589
1301765
1310254
1303356
1309887
1310635
1310321
1303688
1310564
1305605
1309772
1308529
1310784
1303611
1311211
1307739
1302663
1302422
1303502
1300233
1308481
1303627
1304192
1302873
1305411
1309158
1311302
1310893
1307806
1303962
1305362
1302711
1304767
1306039
1308986
1308487
1306698
1302373
1309082
1311032
1302459
1304126
1306074
1308580
1300427
1308608
1307597
1311009
1309824
1307514
1303276
1300313
1309684
1308469
1301244
1305191
1311242
1305285
1309268
1301222
1302202
1309705
1310005
1303420
1306274
1306932
1303368
1310958
1308174
1306041
1306177
1306242
1309151
1300858
1310867
1311485
1306961
1310269
1304196
1310889
1301328
1300955
1309669
1308737
1306152
1311117
1309122
1303527
1307993
1302072
1307782
1307249
1308167
1302172
1306798
1306680
1309307
1306127
1307257
1310767
1309695
1308457
1310577
1305310
1304938
1300951
1302004
1307952
1306037
1311537
1309630
1300246
1304685
1305817
1301074
1306566
1309942
1310419
1306906
1301719
1301443
1308034
1305406
1300021
1311484
1310135
1305600
1308550
1304151
1301281
1303415
1309025
1306369
1308681
1305142
1302757
1301972
1310913
1307323
1311359
1300209
1301104
1307642
1305689
1308792
1301093
1310588
1303881
1308919
1310690
1306056
1305445
1311166
1302388
1304625
1305865
1310365
1301347
1303980
1308081
1300939
1301651
1308194
1310940
1309795
1300184
1308312
1303024
1300836
1311229
1304788
1301461
1309019
1307620
1305779
1306896
1303505
1307973
1304715
1302920
1304451
1302670
1306855
1310476
1308938
1304256
1300036
1311853
1304471
1311692
1311982
1309409
1308928
1301583
1310672
1309875
1308575
1305254
1306003
1307939
1305677
1310765
1300647
1303528
1309939
1306761
1300763
1308441
1302786
1304459
1307648
1300700
1303465
1300713
1303166
1309289
1304194
1301965
1300849
1305327
1304582
1301767
1305423
1304615
1306720
1301679
1304180
1300971
1301774
1303616
1301132
1301450
1303280
1305463
1308553
1302804
1309793
1300038
1307320
1307450
1300945
1302092
1304482
1308709
1303747
1302042
1308982
1311660
1307923
1310327
1310790
1311819
1308613
1309526
1303108
1301362
1311851
1305391
1306692
1307040
1305761
1304893
1309320
1302120
1306182
1302814
1307091
1309985
1304731
1302219
1306981
1306882
1300477
1305537
1303110
1311244
1305497
1306602
1306191
1310256
1304584
1309155
1306048
1300844
1310875
1306382
1300348
1309167
1309625
1307798
1302556
1311230
1303124
1302723
1311143
1308673
1308297
1302082
1308413
1302653
1309273
1302815
1301964
1301953
1310304
1303072
1304792
1303749
1310352
1301542
1302284
1306856
1300983
1311416
1309913
1305416
1302767
1304537
1307961
1309070
1308188
1303131
1310837
1301216
1301756
1300678
1303804
1306926
1301752
1300498
1309736
1304476
1303993
1310099
1301764
1302599
1302474
1309141
1309578
1300114
1308902
1301056
1308064
1301841
1311711
1306740
1311217
1305568
1311634
1311956
1306075
1310077
1307768
1302810
1303470
1301273
1305842
1302428
1309723
1300410
1304706
1304010
1304883
1305616
1310032
1303973
1306694
1311732
1302154
1301725
1301331
1301002
1311980
1304267
1311840
1310627
1311799
1303904
1308202
1307536
1306317
1303824
1305544
1308213
1301398
1302789
1305822
1305348
1311291
1302328
1301014
1308914
1303697
1311300
1308811
1309004
1307387
1306228
1304951
1300213
1310194
1310511
1301306
1310863
1311911
1311522
1309694
1306194
1301057
1310422
1302984
1304520
1301264
1304748
1309375
1310565
1302970
1302605
1302717
1306960
1311343
1307534
1303567
1303341
1303814
1305783
1311132
1305496
1311248
1304317
1305982
1308979
1302294
1303795
1304533
1303191
1311415
1310191
1307279
1306419
1301092
1305883
1308841
1307733
1301289
1306928
1305532
1303491
1307382
1303801
1309180
1304054
1301475
1302462
1302011
1304521
1303229
1303474
1310202
1309539
1308620
1305608
1310847
1301394
1307844
1309166
1300334
1308079
1310686
1305166
1311240
1304440
1303113
1301045
1303601
1310651
1310080
1300687
1303346
1310589
1309659
1308482
1304281
1303934
1309841
1300539
1304551
1307350
1311920
1311284
1306402
1306474
1304380
1309073
1307009
1302807
1310078
1308989
1300766
1303658
1304817
1308262
1304843
1305522
1300859
1303960
1304937
1310592
1309360
1305035
1305747
1308191
1305688
1308098
1302847
1304741
1304885
1309581
1304276
1304768
1311852
1300531
1303187
1307626
1303817
1309516
1311267
1306503
1300790
1305808
1305705
1301766
1303878
1302107
1307636
1306117
1300830
1310523
1308405
1302117
1304808
1307673
1300620
1311304
1307270
1306772
1305145
1307158
1307206
1305739
1307229
1311550
1310531
1300451
1306316
1310501
1301837
1306767
1302118
1304663
1309497
1307791
1305370
1304778
1308654
1305579
1311630
1301648
1300333
1302811
1307470
1309219
1310724
1308636
1305232
1303418
1302929
1311281
1304182
1305793
1300561
1304473
1307076
1300074
1305867
1311203
1303321
1310823
1305162
1308917
1309773
1307886
1311389
1310375
1300097
1303530
1305507
1303130
1303500
1300814
1306494
1305580
1301806
1304818
1300414
1311822
1311473
1310018
1306253
1311365
1311990
1305115
1311565
1307363
1302813
1309943
1306490
1307582
1305001
1305476
1308677
1302490
1307920
1309528
1307513
1310536
1308150
1308017
1311021
1303396
1308476
1301064
1307486
1300991
1305016
1304402
1307135
1309987
1308690
1304950
1307007
1301654
1309313
1301609
1311536
1309175
1304804
1309963
1310436
1308618
1306420
1311087
1302138
1306021
1303553
1303163
1306374
1311440
1310187
1309534
1304865
1311612
1305309
1303419
1301145
1304490
1300857
1308975
1305257
1301007
1308534
1300742
1303499
1304864
1307783
1309472
1309351
1302528
1306183
1309187
1310095
1311705
1307990
1308890
1306009
1309624
1306029
1311620
1304620
1302016
1304762
1307658
1300140
1309252
1311081
1309941
1310110
1302901
1301625
1300088
1301527
1301489
1310919
1310151
1301312
1303156
1303128
1303626
1301141
1300430
1305339
1304093
1308588
1304331
1303433
1311099
1309297
1308498
1311617
1305603
1306648
1301791
1304931
1305075
1310278
1309743
1308858
1302700
1311585
1303359
1305734
1307652
1309128
1308723
1300099
1301802
1305629
1310053
1308201
1304886
1311556
1311261
1307942
1304019
1309184
1309631
1303257
1306905
1300834
1300150
1305374
1303297
1309571
1307974
1309466
1306665
1302733
1306350
1306300
1302060
1309401
1305834
1300751
1306031
1301248
1303957
1306910
1308092
1300613
1308298
1309925
1307294
1306716
1308698
1311372
1301829
1306205
1301435
1305047
1308371
1305955
1310891
1311169
1302485
1308570
1306168
1306857
1309448
1302293
1305758
1301891
1304404
1308964
1308822
1302152
1300265
1307702
1306903
1306593
1309997
1306682
1309338
1308418
1302925
1311312
1305918
1304591
1304075
1306513
1310284
1310526
1303607
1301883
1308974
1302364
1311294
1301577
1308617
1304745
1309164
1309970
1310747
1303477
1304330
1307885
1311693
1308870
1302332
1301094
1310043
1303869
1311026
1306401
1310252
1304332
1309492
1302130
1305651
1311465
1302048
1303884
1300879
1304764
1309936
1305336
1309390
1307728
1308199
1308305
1300009
1304263
1307191
1303592
1306611
1305492
1302572
1300894
1308490
1302050
1310354
1308205
1307024
1303402
1310114
1310066
1302935
1308683
1307989
1301454
1309392
1307437
1310482
1310456
1301805
1310766
1300284
1306897
1308634
1300048
1300506
1301612
1307316
1305640
1305104
1300941
1306019
1305590
1311898
1302908
1309047
1306543
1309426
1301985
1304100
1309614
1300999
1305158
1305338
1305993
1303734
1308625
1305429
1301602
1308399
1305479
1306519
1306784
1307459
1302585
1306346
1300188
1304348
1302890
1310809
1304832
1306670
1303031
1310905
1305823
1305979
1308154
1300872
1310262
1301892
1308002
1301560
1307968
1310349
1300471
1311061
1305624
1308090
1304061
1300157
1305188
1309892
1304848
1300147
1303983
1307483
1304668
1311681
1304307
1300764
1305025
1304405
1303988
1303545
1303719
1301108
1303784
1308583
1307598
1305311
1301969
1308647
1307811
1309806
1308437
1307005
1310373
1305323
1309039
1311305
1308124
1303746
1310871
1306224
1304910
1308110
1311730
1300697
1303901
1300600
1301446
1309870
1303036
1304113
1301457
1309322
1304392
1300892
1310041
1309915
1302645
1303893
1308976
1301571
1301192
1302838
1310308
1306628
1309633
1309429
1307315
1307362
1303927
1302382
1307999
1311704
1300674
1308276
1306134
1308594
1311805
1306431
1304424
1310812
1310416
1306010
1302204
1300370
1302039
1307426
1310228
1308525
1310645
1311152
1303098
1308782
1306381
1302475
1308326
1303796
1301204
1304547
1310033
1308042
1304203
1307150
1307211
1307900
1308232
1305012
1301095
1307222
1303821
1308947
1306868
1303816
1303204
1305750
1310057
1300093
1303670
1302545
1307253
1306596
1308601
1303209
1303624
1311546
1301047
1310052
1304449
1311497
1308595
1309671
1301515
1311649
1300746
1311942
1300762
1309502
1305913
1300885
1309494
1311334
1307120
1303252
1303466
1300926
1300087
1303552
1303546
1305436
1311832
1311573
1304862
1309999
1305217
1305505
1301808
1302440
1303588
1302374
1305192
1306668
1308192
1311483
1304044
1305478
1306838
1304570
1308480
1307194
1301843
1304215
1309587
1300257
1310878
1307543
1306137
1304779
1301956
1307660
1304900
1310295
1300603
1300672
1303198
1304636
1301705
1309449
1302763
1310888
1307416
1308334
1305863
1302331
1309846
1305303
1301197
1300614
1304664
1305459
1305080
1305318
1303032
1311316
1302312
1306287
1309555
1302363
1300360
1303834
1303591
1300452
1302918
1306384
1311373
1311567
1300828
1305618
1311587
1306090
1306251
1304124
1302505
1300435
1304814
1305738
1301297
1307303
1300523
1310792
1300005
1305222
1302954
1305903
1310653
1300082
1302302
1302502
1310951
1311823
1307328
1309381
1303776
1310662
1302882
1300347
1309474
1304011
1306488
1301338
1309668
1309896
1300253
1310757
1311126
1303087
1304120
1309807
1308052
1300123
1307022
1300893
1307439
1303807
1311435
1304878
1308307
1304611
1307302
1304174
1300532
1302793
1303598
1302886
1307372
1304756
1304216
1308239
1301845
1301632
1300437
1309326
1302577
1304700
1302511
1308527
1309269
1305004
1305821
1300362
1310139
1304125
1302207
1309378
1303651
1302484
1305485
1300622
1308770
1303177
1307425
1305187
1306947
1308294
1310113
1307790
1305598
1300795
1311590
1306617
1311016
1303531
1310336
1311996
1308605
1306336
1309972
1307351
1307734
1308472
1301359
1302726
1305583
1300425
1302384
1307390
1309649
1303580
1305939
1309890
1308857
1300085
1304577
1311965
1311066
1300139
1301567
1306073
1303961
1304541
1301015
1303236
1300160
1308662
1308207
1309445
1303190
1305403
1311188
1304719
1304697
1307750
1300272
1300154
1301868
1302112
1302939
1303783
1309838
1309783
1311496
1300719
1303709
1306537
1310586
1310605
1304959
1302318
1304148
1309093
1307466
1304264
1301890
1303394
1305654
1309064
1307712
1310102
1306501
1306695
1309537
1301796
1304500
1311112
1302454
1309204
1306001
1304082
1307121
1304640
1308817
1301467
1300898
1309863
1300902
1311041
1305774
1309424
1310882
1306521
1311686
1308606
1305331
1311412
1301113
1307080
1304055
1309380
1304608
1309919
1309744
1303864
1306942
1307216
1309067
1305334
1303663
1305461
1309388
1307104
1311636
1307181
1309194
1303224
1308227
1304314
1310340
1303984
1302020
1306407
1303172
1304877
1304341
1306160
1309109
1305161
1302325
1309154
1311079
1306155
1310639
1302350
1307334
1309639
1309259
1301392
1311516
1306344
1302773
1304129
1305271
1301004
1301058
1302456
1302578
1311012
1303099
1311038
1306391
1307188
1308667
1309653
1303282
1308592
1306901
1306715
1304058
1311837
1304469
1303467
1307944
1306656
1302425
1306758
1303023
1311790
1307318
1311652
1304133
1305293
1309016
1311269
1309229
1303338
1302792
1302143
1301112
1310464
1302260
1305183
1302085
1310883
1306276
1307505
1300040
1310258
1305202
1305642
1303438
1304995
1305480
1310378
1304527
1301342
1304644
1302400
1301703
1310590
1303176
1306463
1301152
1310473
1305291
1308430
1300216
1307205
1311385
1304672
1309868
1304316
1307903
1302695
1308101
1308921
1310276
1308819
1300710
1306561
1301060
1301911
1307524
1305414
1302124
1300805
1308962
1306775
1307263
1311210
1303705
1300502
1309683
1304821
1301696
1302275
1306755
1304255
1306351
1300457
1311742
1306004
1309206
1306687
1302870
1307100
1302626
1311363
1308584
1304519
1307578
1307125
1307449
1303933
1303640
1301999
1302348
1301525
1303482
1304298
1309336
1301219
1304342
1300308
1310813
1301214
1304565
1302313
1308321
1310745
1301730
1311616
1309364
1301683
1309278
1304557
1303473
1306954
1309755
1306884
1300164
1306478
1303095
1310832
1304289
1302237
1311357
1308542
1308223
1311400
1309489
1310037
1301290
1302740
1306780
1301584
1305500
1304920
1308562
1306451
1310498
1309335
1300067
1306690
1301111
1311949
1307516
1311777
1301187
1311351
1311487
1310159
1309111
1303192
1307977
1310210
1304645
1300323
1307875
1301875
1302178
1310397
1301137
1307398
1301997
1307751
1302703
1303408
1310093
1303501
1306271
1309781
1308532
1311091
1304389
1305238
1310699
1309638
1305556
1304034
1303334
1302791
1308362
1304761
1306473
1303655
1309682
1302770
1302155
1307599
1307943
1310049
1302335
1309758
1300856
1300696
1309801
1309710
1303976
1300666
1301164
1306658
1309396
1306319
1307317
1309688
1301098
1302848
1309302
1309201
1307932
1310895
1304337
1309432
1300511
1301931
1306312
1300923
1310451
1309200
1304854
1310028
1301534
1300290
1304752
1311886
1309343
1301838
1307286
1311207
1303639
1308263
1300789
1306859
1310475
1306916
1308968
1306587
1303195
1302595
1304653
1306425
1311801
1307048
1303496
1307849
1311192
1306130
1308398
1306477
1309993
1302163
1301287
1301641
1300391
1302267
1308165
1307055
1309885
1308680
1307501
1311606
1308860
1308059
1301546
1303704
1306095
1306712
1308844
1308511
1308877
1302463
1311559
1302375
1310621
1301413
1308388
1301817
1302183
1306204
1308799
1305633
1311748
1304323
1302357
1311470
1306900
1301451
1305301
1307508
1302721
1310530
1311563
1305553
1311358
1304947
1310949
1310127
1306357
1310136
1310816
1301896
1306562
1311124
1305543
1304315
1304765
1309557
1305718
1307183
1304259
1309100
1304284
1311383
1311356
1303906
1311744
1303453
1306348
1301464
1307594
1310955
1303411
1304962
1302738
1310976
1309883
1311139
1308516
1301215
1300439
1307805
1311566
1305815
1305074
1302895
1310840
1300442
1309636
1300052
1305354
1308645
1311551
1306790
1301455
1311340
1301788
1309257
1302677
1311568
1307287
1311466
1303045
1310007
1301949
1304955
1305118
1300723
1302596
1300373
1308694
1310105
1306098
1310705
1301309
1306108
1310147
1308707
1309097
1307295
1309345
1311113
1307928
1307177
1304112
1300980
1310771
1309087
1305133
1300615
1311405
1304358
1311167
1307101
1311975
1304688
1304038
1309616
1308004
1311539
1305417
1308247
1311397
1311029
1310733
1300055
1310623
1303129
1302023
1302397
1309248
1307867
1300731
1310184
1306782
1303873
1301183
1308013
1308766
1301669
1303327
1309815
1302876
1311086
1310583
1300303
1311172
1309763
1309666
1303574
1305634
1300320
1311946
1300655
1300636
1302086
1311977
1306467
1307719
1303860
1304755
1307366
1304523
1305670
1310683
1303922
1300572
1300610
1302135
1305495
1302070
1307204
1308836
1310922
1303169
1301877
1308695
1300109
1310857
1302573
1309762
1300275
1307169
1309908
1310266
1309940
1302547
1308653
1306631
1300000
1306937
1305204
1311641
1311065
1303083
1311201
1300690
1307661
1301315
1306547
1309362
1304789
1300496
1308758
1310055
1305273
1310157
1306879
1307108
1310626
1308879
1301932
1309845
1301819
1307444
1302942
1300314
1307352
1311461
1301139
1308783
1305084
1305794
1302709
1304463
1301102
1308578
1300344
1304673
1307298
1309311
1302197
1306858
1304870
1304729
1305690
1306839
1300181
1300969
1304081
1307676
1308275
1310860
1311827
1307631
1302037
1311462
1300151
1300631
1310524
1310597
1305152
1308545
1304144
1304555
1303331
1306586
1301300
1308012
1311479
1305420
1306993
1303143
1303577
1308478
1300987
1303235
1309319
1302541
1305277
1306141
1304972
1309550
1310128
1304118
1304919
1307304
1310343
1300905
1309477
1303361
1305056
1301068
1302981
1302001
1308718
1301492
1307309
1306395
1308998
1311854
1304146
1301586
1302329
1307348
1308489
1307256
1311100
1300016
1304136
1303735
1302966
1307978
1304598
1302618
1303141
1308720
1311006
1305753
1303253
1311214
1309689
1307137
1307179
1304927
1306505
1304362
1310454
1302392
1302110
1308676
1307610
1300581
1307681
1308333
1309021
1310697
1307565
1300855
1310014
1303870
1311075
1309640
1300931
1301288
1301020
1307576
1311175
1300238
1306840
1302834
1304733
1307650
1301869
1301551
1304576
1309765
1308289
1307799
1311530
1311010
1303558
1305023
1308696
1305213
1304212
1308258
1310629
1311849
1302907
1302681
1306361
1300961
1305395
1301091
1304852
1302783
1309589
1308731
1306507
1301951
1306359
1311740
1308345
1308780
1303458
1309071
1307493
1311437
1303495
1310153
1308319
1308066
1300352
1304680
1307717
1302588
1304097
1306440
1300970
1310776
1306475
1310243
1311141
1310825
1311577
1303160
1304057
1310125
1303410
1302894
1308987
1311468
1307015
1301942
1303219
1302784
1304879
1310430
1300533
1309817
1311945
1301606
1311910
1304513
1301406
1302948
1305451
1301375
1308342
1305588
1304304
1304149
1304647
1304504
1306815
1300400
1311147
1302352
1302652
1304128
1307823
1302856
1303646
1307252
1301180
1310393
1301494
1304791
1308909
1301070
1306931
1305528
1311960
1307250
1308972
1304742
1304992
1301772
1304361
1303134
1305175
1308160
1305195
1308116
1308637
1305656
1300027
1301777
1309872
1302269
1303066
1302806
1310632
1304652
1300368
1300145
1304324
1306647
1303254
1301259
1309729
1302861
1301559
1304295
1308226
1301908
1303206
1303522
1305968
1304933
1301174
1311602
1311891
1300187
1311589
1300640
1308918
1310974
1306751
1307708
1309961
1302602
1311792
1309576
1303853
1308491
1307612
1310298
1307755
1309535
1311456
1306883
1302499
1311270
1305973
1309748
1302661
1307223
1311815
1309948
1304253
1311216
1301855
1308179
1300765
1307889
1309102
1308245
1300573
1304077
1311008
1307759
1304809
1311962
1301212
1311817
1309608
1302687
1301009
1311093
1300393
1300120
1303535
1304245
1309717
1303755
1310488
1311706
1308389
1308178
1303951
1309749
1311717
1311932
1309216
1300602
1311286
1307428
1306850
1308804
1311858
1309540
1300541
1309637
1310097
1309707
1311296
1308403
1311056
1305966
1301186
1303461
1302171
1310179
1311836
1301411
1304443
1300419
1310727
1307087
1311939
1303524
1307280
1305498
1302768
1301608
1301592
1308502
1307855
1304546
1300104
1303575
1307531
1300912
1301769
1307380
1311684
1310287
1310175
1308518
1306487
1306845
1305552
1310109
1311189
1300576
1311173
1304138
1309645
1303758
1309732
1305062
1310124
1306154
1301899
1307171
1303040
1309062
1306872
1309442
1310215
1311237
1308506
1306944
1310864
1302630
1307142
1302816
1303220
1301143
1311855
1306635
1303094
1300823
1305205
1302159
1307105
1302058
1300006
1309858
1309379
1306736
1300113
1300220
1303643
1305358
1304188
1310417
1307686
1306994
1311515
1310741
1308171
1304599
1308076
1308882
1310236
1304205
1311959
1308183
1310866
1304418
1309033
1302236
1309470
1309090
1311918
1308470
1300715
1308352
1302497
1302247
1310489
1307700
1300171
1310742
1310441
1309605
1307219
1304390
1305397
1311315
1309203
1311955
1308816
1302957
1304189
1305907
1310903
1303715
1302069
1309799
1306964
1311446
1306321
1310821
1305851
1300989
1305919
1305258
1310805
1303260
1309714
1303483
1303999
1303573
1303329
1300449
1302546
1300761
1309716
1301789
1301277
1311752
1304395
1300709
1303388
1310953
1302732
1311039
1300293
1301355
1309358
1308789
1301611
1302132
1308016
1310291
1301594
1308354
1304539
1306466
1304364
1300219
1302478
1310355
1305499
1302943
1309072
1310698
1303977
1307704
1303215
1303914
1303978
1305861
1302833
1306324
1303046
1310201
1307880
1307427
1311582
1300822
1302673
1308773
1302518
1311288
1308847
1306153
1309237
1303892
1310154
1300745
1310277
1311787
1309579
1310752
1311618
1300760
1301255
1300920
1300876
1303737
1301153
1301387
1301179
1309483
1310537
1308621
1301073
1310701
1307170
1305425
1309260
1309594
1307491
1305701
1306987
1303716
1301610
1311250
1300646
1304035
1303673
1309255
1310991
1300793
1309068
1300653
1306794
1308878
1307342
1309487
1306342
1303605
1305196
1300679
1301737
1311155
1309348
1305163
1306619
1305402
1306663
1309699
1305916
1307851
1302203
1304596
1306506
1308196
1308049
1302282
1300232
1304221
1306797
1304020
1301775
1309116
1300003
1308753
1308660
1303345
1308834
1308485
1309769
1302052
1309802
1305432
1308236
1311498
1306735
1305957
1306341
1303902
1303625
1300981
1310119
1304375
1311059
1300258
1308813
1306774
1304226
1310510
1301412
1303842
1305564
1302762
1308524
1301383
1311142
1310833
1306060
1310522
1307566
1311273
1300319
1301270
1302835
1300090
1311396
1310379
1309253
1305721
1305599
1305125
1307643
1308674
1304310
1311633
1307423
1301982
1310372
1305230
1311404
1309921
1308883
1301410
1308044
1301040
1307945
1303293
1302150
1302255
1306752
1310566
1309610
1306717
1308492
1304292
1302560
1301185
1309918
1310462
1311691
1306894
1300804
1303851
1309354
1310027
1306570
1309628
1309341
1308244
1310117
1300092
1305622
1304436
1305108
1310518
1309242
1303684
1311394
1308228
1300458
1306618
1305410
1308296
1301465
1303949
1302676
1309843
1307438
1303459
1307826
1308891
1306221
1304850
1311765
1304658
1308585
1304960
1300548
1303343
1306609
1305260
1300412
1305037
1305326
1305246
1303879
1303726
1306283
1309957
1303694
1302548
1311838
1305921
1301317
1303886
1301893
1305549
1304155
1303668
1303057
1304724
1301498
1308762
1311810
1302613
1307476
1311353
1305990
1307400
1307235
1306203
1310213
1309412
1310017
1308833
1302098
1302407
1310700
1302220
1302080
1302377
1311490
1301800
1310160
1308047
1303246
1309198
1311049
1307140
1301674
1302233
1311109
1309134
1302345
1311467
1301966
1309520
1310220
1310563
1307479
1310995
1306188
1306555
1311576
1308246
1303300
1300730
1300396
1309159
1311062
1307148
1302537
1301075
1308904
1301252
1303240
1307635
1302148
1302851
1304406
1307472
1306606
1305051
1303245
1310223
1311923
1307160
1304786
1304092
1310324
1306445
1303366
1300524
1305253
1308208
1308931
1309059
1310736
1310977
1309120
1301453
1311708
1307718
1309804
1301588
1311899
1307371
1310911
1304165
1306915
1302426
1310367
1300537
1301220
1311052
1311238
1310944
1306645
1300044
1306486
1306500
1305786
1311998
1300712
1307949
1310611
1302452
1304414
1303200
1304888
1303150
1304903
1309617
1301944
1307467
1309430
1308775
1310199
1304928
1309814
1302934
1302640
1309056
1307396
1301097
1310047
1302108
1300688
1300231
1309770
1303941
1311779
1309441
1305981
1308423
1300033
1311379
1300594
1301078
1304143
1303612
1305773
1305363
1302508
1308831
1310534
1304329
1304502
1308483
1304734
1300269
1308611
1300701
1309740
1310760
1305508
1309389
1302781
1304422
1311448
1307762
1304311
1309844
1300907
1301425
1305589
1305831
1301906
1308085
1309935
1303822
1307312
1305591
1302307
1301910
1308360
1310963
1306291
1301753
1300028
1307927
1305321
1307220
1304732
1308750
1307185
1307138
1308807
1300030
1300801
1304710
1305713
1305550
1301437
1304979
1308856
1301861
1309420
1310914
1308829
1302746
1311333
1309480
1303295
1301106
1310332
1307134
1309778
1306837
1301415
1307848
1306398
1311098
1300300
1305156
1304833
1309123
1301205
1302698
1308250
1309069
1308505
1301624
1307277
1305837
1304056
1302509
1300662
1308214
1303866
1303340
1307157
1309715
1308886
1309066
1304072
1307812
1308912
1302603
1307010
1311174
1309096
1302091
1311013
1309724
1304229
1302157
1309869
1300431
1309593
1303403
1308401
1303789
1301545
1306180
1303043
1301278
1301374
1309091
1307164
1308889
1310560
1304529
1309048
1308715
1304728
1302749
1310952
1302185
1302015
1302408
1309898
1305342
1311035
1301582
1310624
1306105
1301511
1306110
1303792
1304147
1311768
1310390
1308396
1308547
1305619
1308111
1311889
1307804
1302210
1307741
1310306
1300794
1306557
1302796
1311640
1307218
1301301
1303665
1303641
1305296
1303312
1306980
1302868
1306254
1308392
1302479
1307241
1309597
1302558
1303515
1308629
1311679
1309148
1309032
1304550
1307579
1308896
1305558
1309733
1311458
1306248
1308040
1308382
1305886
1310948
1300733
1308863
1300835
1304355
1305453
1302590
1304067
1310665
1302846
1303932
1301973
1305513
1301781
1306696
1300522
1302003
1306585
1300159
1301573
1304737
1311249
1300549
1300593
1310263
1309453
1306730
1310226
1310585
1309398
1307480
1304511
1309288
1301311
1304763
1303602
1301979
1311051
1304152
1311639
1309564
1305052
1304690
1310195
1309532
1308422
1308589
1307327
1310156
1308781
1302552
1306101
1311463
1306534
1309880
1309826
1305021
1305099
1310933
1300595
1307397
1310556
1310907
1304105
1300331
1302916
1310932
1311103
1309081
1301089
1304211
1306263
1302131
1311413
1308560
1310333
1308641
1302592
1311398
1303687
1311159
1304439
1302369
1304279
1303742
1303151
1301194
1300287
1308386
1301479
1300237
1305002
1303278
1303114
1306068
1310401
1309834
1303732
1302889
1303538
1304508
1310242
1309620
1300153
1308385
1303486
1308944
1305006
1303489
1308724
1305992
1300461
1302936
1311921
1302431
1305057
1302705
1308301
1309852
1300202
1300486
1310892
1307299
1309419
1304746
1309835
1300252
1307195
1310303
1303613
1305708
1301623
1300811
1300621
1301867
1310477
1300558
1309544
1305349
1309165
1301032
1310301
1305620
1304861
1311523
1310838
1310472
1310804
1303259
1303995
1309300
1305760
1301881
1308892
1304492
1306984
1301136
1310012
1307850
1307110
1310148
1302239
1310408
1302686
1309490
1309580
1307000
1303088
1301818
1306476
1304847
1311338
1309657
1305227
1309565
1311000
1301130
1305649
1304953
1304563
1306112
1305368
1309130
1308951
1304834
1307666
1300481
1300791
1307337
1306482
1303050
1302149
1310886
1307593
1308549
1305365
1310925
1303788
1311501
1300956
1309256
1308412
1303162
1304254
1305853
1306142
1311488
1306404
1304994
1301858
1300037
1309990
1302035
1311313
1310965
1310797
1306410
1308824
1302271
1311794
1305494
1304939
1311867
1303923
1310338
1310445
1309706
1307548
1302724
1310249
1300156
1306574
1311410
1302366
1302496
1304153
1311802
1311279
1310649
1303264
1307305
1310158
1300141
1302997
1311722
1310591
1309894
1307035
1300230
1310754
1311888
1309295
1306853
1306527
1310384
1304417
1308932
1301319
1301149
1311661
1309373
1305015
1308616
1302314
1303426
1311432
1301120
1310575
1305563
1306428
1306284
1308523
1306449
1304291
1311119
1303523
1301863
1305732
1308420
1309355
1301389
1300843
1305466
1305839
1304297
1309292
1300882
1308703
1310296
1304683
1311168
1301329
1308054
1306504
1308623
1310598
1301217
1308855
1303540
1311723
1306671
1307488
1305745
1304605
1310808
1300342
1309708
1300711
1306549
1309117
1306290
1304961
1309005
1310347
1304509
1300702
1304569
1304167
1301008
1308461
1305666
1311688
1308591
1301576
1311495
1300936
1306757
1303081
1305983
1304258
1306800
1308144
1310134
1309704
1304637
1311256
1305211
1309413
1303986
1307031
1310638
1311443
1308955
1306202
1304351
1306734
1301414
1305950
1308814
1300355
1308777
1302903
1301468
1311927
1300571
1310828
1309785
1304986
1310395
1308311
1301261
1301013
1306843
1302385
1306895
1303175
1307946
1304831
1301082
1308153
1308356
1305170
1310019
1311355
1309267
1301497
1302805
1309888
1304740
1306805
1311457
1307267
1311885
1301739
1309711
1309332
1302543
1305669
1303014
1301786
1301797
1307353
1301027
1311125
1302346
1305725
1301644
1307084
1304646
1306299
1305680
1304973
1310331
1303137
1303029
1306923
1306641
1310532
1305471
1311375
1301912
1311603
1307085
1305353
1311453
1311872
1311442
1300768
1300993
1311251
1302860
1304132
1305681
1304183
1302330
1302338
1301503
1311600
1302544
1308181
1300421
1306298
1303987
1306243
1307067
1307518
1301072
1309599
1302450
1305674
1300543
1305455
1309560
1300964
1301310
1307696
1304039
1302986
1308096
1305174
1309294
1309929
1310647
1300356
1309751
1303374
1301977
1304661
1300250
1308261
1303217
1307825
1302782
1300645
1306230
1311729
1311439
1300129
1308125
1303237
1305951
1308628
1308173
1310240
1309644
1302554
1304480
1309006
1311979
1306594
1301876
1305775
1311070
1311037
1305264
1302339
1302113
1311272
1305242
1305270
1311503
1310325
1305661
1306022
1310345
1302166
1306115
1309000
1311471
1305511
1311646
1311480
1309847
1311283
1302678
1302743
1300415
1301191
1307063
1306245
1309971
1305998
1303000
1311212
1307723
1306601
1307938
1311928
1305044
1311486
1309282
1300364
1310850
1311391
1310328
1300096
1311720
1302760
1310848
1306455
1302775
1311005
1309974
1309238
1303455
1306833
1309347
1307847
1303010
1309703
1308375
1305109
1303981
1307745
1303915
1309538
1301440
1303944
1301433
1303194
1304345
1303308
1300782
1308657
1310970
1311321
1301885
1305123
1300273
1309911
1301324
1311018
1311472
1309750
1305559
1309366
1309277
1308107
1308832
1309011
1305430
1310648
1301684
1308126
1309982
1300798
1306893
1309042
1305557
1300606
1308970
1306432
1300243
1307151
1308993
1304243
1300784
1307512
1302536
1304922
1307155
1310415
1305444
1304164
1301902
1309222
1311667
1302104
1301193
1304335
1301396
1308379
1302865
1305011
1301235
1310839
1311225
1307370
1302238
1309214
1306864
1305234
1302487
1310936
1305777
1311735
1303432
1310484
1300665
1309753
1308488
1301344
1311325
1307103
1309327
1309002
1303590
1305644
1302818
1304048
1310370
1305263
1309967
1308787
1306171
1303706
1310874
1309582
1308404
1308765
1308966
1303267
1309965
1303391
1309171
1307675
1303772
1303179
1310667
1307130
1306208
1301343
1304662
1311105
1310774
1300138
1311863
1310092
1301779
1309962
1309435
1303828
1309328
1310063
1301419
1308830
1304921
1310966
1309161
1310173
1300608
1310779
1309731
1309545
1311621
1309382
1309656
1311177
1301711
1308763
1307506
1300913
1311031
1301115
1305160
1303311
1310493
1305020
1301736
1300781
1307913
1305612
1309317
1311685
1305199
1304336
1300476
1300259
1307591
1308936
1305912
1302421
1311226
1311983
1301971
1308887
1308349
1306950
1305657
1307654
1305469
1307409
1311937
1303180
1305441
1310030
1310388
1311650
1300890
1307109
1305728
1311804
1308270
1305587
1302057
1303017
1306962
1309931
1307154
1302395
1307455
1304230
1304990
1310937
1303622
1302898
1302045
1301272
1304592
1307975
1300091
1311778
1306371
1309208
1305435
1307231
1304595
1303841
1310569
1310060
1311731
1311235
1307830
1310067
1311054
1302167
1310880
1305419
1310428
1310137
1310969
1300967
1309496
1307703
1303781
1311581
1309085
1306523
1306026
1302662
1304028
1309476
1301001
1301645
1307210
1300534
1301405
1303542
1301666
1310241
1309946
1309864
1311881
1301702
1302809
1300922
1301019
1307207
1302277
1305198
1305604
1300227
1303835
1300591
1304001
1305715
1301962
1302532
1306148
1311866
1304684
1303620
1311131
1300554
1311924
1310423
1301685
1308067
1308820
1302196
1310161
1310506
1311631
1310631
1309342
1307292
1302442
1302845
1306064
1310845
1303631
1310193
1306121
1305050
1310715
1301533
1301084
1302524
1304966
1301363
1308835
1306861
1305606
1310901
1305637
1301221
1311195
1305087
1310024
1306258
1303221
1303325
1300965
1306458
1309517
1304666
1311637
1304103
1303292
1309168
1308442
1302145
1311680
1309330
1302376
1311848
1310768
1311674
1310048
1303925
1303372
1306292
1306260
1311376
1310547
1300462
1311181
1306212
1303778
1311150
1310646
1302534
1310239
1306280
1309878
1301682
1306718
1306389
1300547
1309808
1302476
1311864
1311525
1311058
1304047
1303794
1307306
1303056
1307174
1308048
1301275
1307839
1301922
1305467
1308176
1304032
1303111
1304088
1303003
1302372
1300895
1310000
1304271
1300734
1304412
1300249
1300977
1301421
1307502
1310006
1311775
1309613
1308112
1308725
1300121
1310192
1301227
1304744
1302286
1311421
1309609
1307434
1300110
1300186
1311970
1308646
1307996
1304841
1304876
1306356
1305828
1301888
1307004
1309213
1306599
1309055
1302088
1305194
1309604
1309049
1311728
1309692
1307454
1309549
1310403
1311191
1310540
1310604
1309220
1302059
1306686
1300212
1311258
1311548
1310414
1309306
1305105
1300618
1309566
1304846
1309142
1311289
1302466
1302529
1301566
1310444
1302512
1301920
1306701
1305784
1307808
1305915
1307297
1310009
1303315
1305502
1301879
1306699
1307671
1307463
1308776
1307698
1300289
1309768
1303185
1304187
1300574
1309675
1304327
1310144
1311900
1300445
1305457
1303241
1304579
1311812
1310920
1303030
1303875
1300020
1310737
1303382
1309092
1305727
1303608
1308952
1302278
1310010
1300117
1311060
1300204
1306819
1304823
1310900
1307008
1304858
1306483
1305947
1304751
1300553
1310470
1300891
1304080
1305039
1310923
1302766
1302728
1302289
1300819
1308539
1303774
1302265
1309791
1310149
1310930
1304168
1310595
1309612
1307727
1311020
1310002
1308447
1311346
1304166
1304150
1305095
1306297
1310770
1303946
1301562
1306745
1300228
1305614
1310785
1302971
1311584
1309988
1311402
1309866
1311145
1310145
1311330
1309871
1304078
1308880
1310392
1306163
1310008
1305218
1305324
1309789
1305398
1300583
1300974
1302226
1307037
1304277
1305284
1301042
1309933
1303852
1309173
1308463
1308077
1300638
1309156
1302488
1300399
1305415
1303840
1304023
1308530
1306802
1309357
1302840
1310167
1310739
1305086
1300322
1303157
1304815
1302748
1303370
1302899
1301321
1300102
1311518
1303064
1310801
1306592
1309437
1300131
1300740
1309825
1303286
1303917
1303859
1309685
1309938
1307165
1304095
1310251
1307773
1309910
1308614
1303504
1305626
1304524
1303690
1307856
1309179
1302940
1309759
1306959
1309367
1310791
1300446
1304795
1311678
1302655
1304958
1308149
1302099
1308521
1308161
1306367
1304996
1307865
1311377
1311034
1306646
1310329
1310706
1305943
1306301
1302759
1311931
1305101
1309810
1307143
1307090
1307033
1306054
1304906
1300301
1311454
1311073
1311120
1301630
1302722
1305340
1308564
1309742
1307935
1307822
1309015
1306577
1303830
1308279
1300392
1311364
1309881
1311782
1304968
1301207
1307393
1310289
1309274
1306143
1308402
1307458
1309720
1303475
1307291
1311380
1303666
1306362
1305040
1304407
1301975
1302576
1300724
1305788
1308852
1301434
1304247
1303216
1310748
1310996
1304142
1308273
1303748
1310713
1311831
1304526
1310411
1308866
1310988
1301661
1303911
1306078
1305770
1311280
1311772
1300073
1307554
1310979
1310313
1309600
1304712
1306799
1303188
1309115
1304224
1306444
1308988
1302169
1301897
1303797
1304801
1303445
1304545
1305643
1305902
1304472
1303827
1304024
1304053
1310719
1300582
1302359
1310607
1306185
1305038
1311444
1311508
1304635
1309619
1307957
1300387
1308445
1310842
1311510
1311392
1302147
1310474
1300748
1306240
1307701
1310899
1306887
1310849
1301144
1303863
1311196
1310796
1309646
1309651
1311337
1308893
1304063
1303809
1301382
1306062
1304059
1310065
1308535
1311042
1310500
1308546
1307770
1303967
1304505
1309315
1308256
1302741
1310685
1310302
1311884
1301860
1308752
1308555
1309301
1311386
1309417
1305305
1305646
1309853
1306642
1306925
1307452
1305638
1309697
1304110
1311028
1310309
1311274
1310708
1309310
1308923
1309258
1311408
1304373
1307119
1305026
1309110
1311323
1311434
1300652
1307239
1311023
1303509
1300490
1309895
1311670
1305692
1306558
1306643
1303943
1300612
1310517
1310457
1310426
1305245
1300982
1302283
1311118
1301038
1310852
1310710
1307344
1308954
1302353
1307464
1311623
1306265
1309968
1310709
1307522
1310971
1308091
1303443
1307997
1308615
1311011
1302429
1304687
1303398
1307281
1306807
1303015
1301925
1303761
1311873
1309126
1301123
1305302
1307293
1309959
1306360
1304993
1307212
1309553
1302714
1308513
1300736
1305521
1301472
1305914
1306526
1302292
1304073
1300115
1306814
1305440
1300538
1309575
1305529
1307958
1306809
1300491
1300024
1309324
1310603
1310746
1301947
1305405
1310941
1307322
1311773
1308888
1304135
1310906
1305876
1305385
1305660
1303354
1306636
1310570
1311997
1306235
1301099
1305276
1301428
1311813
1307461
1305962
1308937
1309973
1306777
1305504
1303020
1305154
1301600
1308336
1311367
1309174
1309228
1310447
1300485
1309857
1310141
1305283
1309945
1304244
1311228
1301569
1301165
1309188
1311664
1308771
1310521
1303189
1306118
1304413
1309727
1310186
1310783
1310071
1301668
1309634
1305376
1300691
1300557
1305085
1303018
1311324
1304445
1304223
1300280
1308700
1304803
1309418
1309831
1307324
1307435
1306308
1306047
1306345
1305168
1309052
1309989
1310788
1306615
1304186
1308682
1302245
1302825
1301065
1300577
1307841
1307684
1311826
1310165
1311015
1310385
1310780
1307616
1311961
1310026
1304855
1302056
1304037
1310596
1307331
1309440
1303579
1309427
1311290
1308128
1304624
1307877
1310480
1309511
1306273
1311149
1309046
1306756
1310231
1311541
1310972
1309462
1302370
1309536
1309247
1309797
1309828
1308791
1309323
1310398
1311381
1309416
1305176
1302324
1309607
1305698
1309635
1300078
1306748
1306233
1300315
1300190
1311702
1300460
1307107
1308867
1302028
1311329
1309199
1305570
1309369
1300550
1307738
1307099
1304300
1304542
1303266
1308929
1310224
1307864
1309385
1304089
1304642
1311659
1300029
1309086
1308689
1311236
1309189
1311254
1306913
1300850
1307789
1303147
1308774
1309746
1307803
1302493
1309232
1311656
1311317
1302401
1310212
1302883
1307224
1308675
1300585
1310764
1311348
1310693
1311205
1310525
1311401
1311514
1306172
1303074
1306679
1301638
1300365
1311793
1308446
1301294
1300302
1309346
1303316
1305000
1310731
1308971
1310782
1311403
1311046
1301688
1308945
1310541
1308881
1308948
1311845
1304000
1307052
1308797
1311947
1300398
1301030
1305018
1308871
1309757
1302978
1311517
1311445
1310616
1310931
1310076
1311597
1300743
1308612
1311387
1306545
1310943
1300281
1301286
1305460
1309209
1301240
1310827
1309674
1303554
1311950
1305421
1309190
1308845
1308499
1309406
1310348
1301246
1301928
1303683
1311834
1311850
1304929
1302996
1310502
1301874
1308322
1307478
1310793
1303159
1311293
1308123
1309865
1309399
1311862
1309034
1310689
1311521
1301839
1311764
1305266
1308329
1302639
1307678
1304008
1310520
1307972
1309353
1303493
1306851
1309473
1309137
1301745
1306232
1310642
1309721
1310216
1311179
1304278
1310133
1302337
1309157
1307082
1305300
1306023
1302420
1309233
1310654
1309182
1308895
1311800
1301707
1311067
1304575
1309914
1300008
1311570
1309012
1307153
1301458
1301581
1306842
1308251
1311513
1309197
1302483
1306000
1302361
1304172
1311645
1311182
1309978
1306195
1302391
1311505
1310001
1308934
1311108
1310549
1305534
1309051
1308596
1300590
1310253
1310353
1308538
1303971
1310197
1309186
1309094
1310247
1307474
1301037
1308075
1309215
1307019
1311295
1306578
1311532
1311252
1300995
1308018
1305141
1303645
1309146
1310928
1306750
1309334
1307564
1310339
1309340
1308997
1306085
1301846
1306965
1309922
1307800
1311615
1309425
1300292
1304670
1305625
1308093
1309621
1309263
1309596
1308854
1305790
1302800
1310056
1305978
1310292
1301483
1308769
1310985
1309010
1310288
1307679
1305965
1307477
1303287
1305768
1310677
1302582
1311111
1310207
1309478
1309979
1311929
1310908
1304602
1311989
1301521
1310897
1310439
1300211
1310707
1309678
1311116
1301025
1310643
1302688
1306493
1311374
1311426
1300351
1309563
1311560
1311877
1301656
1310087
1307402
1306103
1310281
1307460
1309927
1309210
1310267
1300630
1300683
1310126
1310283
1310508
1311019
1309350
1304372
1300163
1304003
1304225
1306460
1303793
1311930
1311604
1301718
1311809
1311784
1311144
1301816
1309095
1300671
1308057
1309036
1305545
1303232
1300568
1300785
1311339
1310554
1309415
1301471
1311611
1300189
1300866
1300536
1309794
1311349
1307451
1311423
1309509
1311718
1302436
1310599
1309506
1306469
1308980
1302921
1310694
1304040
1303077
1309249
1310089
1311642
1310290
1311879
1310538
1308911
1304799
1307546
1311004
1310836
1303868
1309505
1311441
1310696
1308204
1300107
1310778
1308559
1305267
1303632
1309687
1309903
1303326
1300867
1308803
1309264
1303764
1310982
1307209
1302013
1311687
1310703
1308823
1310915
1310514
1310155
1303928
1310162
1302451
1307558
1309160
1310282
1301361
1309439
1310275
1301189
1305064
1311860
1301399
1311022
1307772
1310618
1311234
1310177
1309482
1311716
1310843
1310553
1311727
1307097
1302435
1307732
1302445
1310337
1307269
1309777
1300752
1309709
1310432
1310035
1307349
1308070
1311803
1310219
1302922
1302520
1311292
1309394
1306727
1309543
1308884
1311417
1308465
1304679
1310749
1308717
1302917
1311663
1310294
1310265
1304530
1307307
1300497
1309558
1306508
1309964
1309952
1305010
1309498
1307902
1307898
1305314
1300560
1311561
1311382
1306688
1309434
1300777
1308950
1309407
1310435
1306975
1307111
1302322
1309359
1306967
1300988
1306217
1311575
1311957
1309023
1310399
1311336
1309397
1311332
1304735
1310465
1310824
1310738
1310280
1302998
1306921
1308977
1310550
1309585
1301526
1301340
1311306
1302504
1309738
1310717
1309886
1303880
1311770
1311331
1310132
1311876
1304140
1300914
1302441
1310676
1309504
1310961
1301254
1305131
1310196
1308361
1311430
1311689
1311902
1310396
1309499
1311545
1308573
1306612
1309525
1310789
1310208
1309663
1308325
1311786
1301507
1310617
1304017
1302383
1309981
1310807
1300972
1309363
1310335
1308837
1310400
1303773
1310407
1310869
1309138
1309803
1310497
1309410
1310364
1304457
1310471
1309031
1309456
1311504
1310203
1309568
1310438
1309541
1310164
1310222
1307965
1311257
1310658
1311870
1309665
1308810
1309510
1311395
1310983
1308907
