1306503
1305871
1304232
1301092
1304359
1304781
1304701
1300413
1305328
1307061
1301059
1307319
1308088
1304388
1300670
1305925
1306834
1302628
1302367
1301678
1302246
1300625
1303249
1302523
1303673
1307847
1304316
1302412
1306799
1303994
1300503
1303512
1300118
1308845
1301616
1304588
1304789
1302551
1301400
1305115
1305716
1300332
1303091
1305647
1305078
1303304
1308310
1306455
1308804
1306433
1301716
1301129
1303948
1307085
1300514
1304546
1305354
1304545
1308761
1306180
1302037
1306923
1308124
1300095
1302606
1300507
1303635
1308004
1303668
1302494
1306632
1300685
1301411
1304499
1303216
1302721
1300207
1307370
1302939
1303143
1304827
1308944
1306511
1300320
1302047
1302896
1300410
1307698
1301041
1302135
1304559
1300938
1305699
1306247
1307716
1303921
1306462
1300023
1303441
1308003
1301893
1301808
1301683
1301380
1304677
1301803
1303137
1303708
1303467
1307033
1301567
1304621
1303055
1302899
1303577
1303810
1305823
1303020
1301554
1300554
1305503
1303739
1306702
1307829
1302472
1306021
1308229
1307166
1305262
1301394
1303458
1302274
1308823
1303679
1302498
1306096
1306548
1300904
1303265
1307010
1304495
1302552
1306002
1306950
1304097
1308402
1304952
1307413
1307863
1307682
1304563
1301819
1304612
1300222
1306558
1303508
1304053
1303200
1302805
1306591
1306221
1307077
1301064
1301210
1303201
1306372
1304832
1305783
1307871
1307763
1308608
1305685
1302171
1306143
1305734
1306290
1303170
1300050
1304585
1300952
1306515
1303186
1304580
1301845
1305770
1301351
1308084
1305351
1304831
1306053
1303063
1303648
1303166
1308963
1304110
1303503
1300760
1303491
1307533
1308639
1302506
1303163
1307440
1300267
1303389
1306171
1304208
1301626
1307350
1306785
1307109
1307736
1303046
1305273
1302870
1306286
1308669
1306057
1300624
1307242
1306594
1305100
1302964
1303641
1300031
1307980
1303172
1301077
1304115
1301389
1303014
1302794
1307023
1302128
1300025
1303229
1301997
1300894
1301920
1300359
1301933
1303838
1306414
1304222
1307514
1300273
1307569
1302852
1305757
1307347
1302953
1302116
1305264
1303468
1305243
1300091
1307142
1300032
1300033
1300004
1308313
1306956
1303268
1307999
1300588
1300114
1303117
1306666
1307523
1303383
1307080
1305895
1306815
1305250
1305714
1308792
1307118
1305936
1304988
1304105
1308618
1305662
1305336
1304302
1300209
1302942
1303044
1302365
1306429
1305759
1305805
1306516
1303548
1307734
1308158
1303318
1303435
1305081
1304257
1301442
1302711
1304829
1307461
1301493
1304492
1305493
1307409
1303297
1303346
1304063
1305312
1300613
1301714
1300591
1308315
1304659
1301848
1301071
1302186
1308232
1303786
1302542
1303995
1304725
1304895
1307395
1301492
1304248
1300509
1300753
1304081
1307554
1308182
1303756
1308311
1304532
1305742
1307598
1302109
1305900
1300387
1305487
1302743
1301703
1305615
1302641
1300079
1305898
1303775
1302332
1304597
1300401
1308582
1305557
1301345
1301115
1300363
1307548
1304216
1300820
1302825
1302571
1308717
1306308
1305536
1306184
1301531
1304065
1304490
1306884
1300985
1303599
1303624
1307397
1300719
1303750
1301125
1305728
1304568
1304387
1301907
1301889
1305414
1308149
1307219
1307641
1307746
1301605
1308953
1301241
1305950
1304551
1303618
1302718
1301758
1304286
1307327
1305717
1302622
1300082
1304742
1303773
1305289
1303899
1305348
1302309
1300845
1305954
1304252
1306760
1302278
1306309
1302564
1308988
1302752
1303806
1300562
1308448
1304611
1304964
1303476
1301772
1304128
1305198
1301500
1301367
1305462
1308122
1305727
1305042
1307753
1301916
1301362
1308128
1301418
1308783
1304651
1305224
1304397
1308010
1305195
1302608
1306858
1305550
1301299
1307431
1305439
1307885
1307820
1305234
1302281
1303060
1302774
1302891
1306741
1306436
1304275
1306572
1302345
1300246
1301295
1308731
1302029
1304483
1304114
1303440
1303388
1306562
1303595
1302319
1307297
1304145
1301800
1306147
1304675
1307258
1303085
1305114
1300713
1305197
1301647
1304136
1303831
1303802
1303979
1303144
1302634
1303946
1307996
1305514
1304910
1300764
1304187
1301261
1306269
1305219
1300001
1308398
1305611
1301401
1308732
1307058
1301797
1301650
1302127
1305391
1307962
1301487
1307453
1301007
1303760
1304661
1300483
1307710
1304857
1307318
1305281
1303481
1306167
1301838
1300498
1302233
1306990
1304513
1304501
1306729
1302193
1300275
1306226
1305756
1303096
1302040
1307681
1305323
1300136
1301813
1300055
1302414
1306915
1305798
1304386
1305096
1304914
1308434
1304496
1301504
1304401
1301372
1308603
1302709
1302986
1301067
1304095
1303796
1307804
1301727
1305314
1301660
1307870
1305029
1306109
1308341
1301166
1303793
1308620
1303765
1307668
1307385
1302544
1301439
1306652
1304907
1306816
1306300
1305594
1304329
1305077
1302428
1305980
1301290
1301669
1300770
1304168
1301308
1300056
1302351
1308995
1301857
1301304
1303226
1304099
1306603
1308764
1300826
1306320
1304636
1306641
1302958
1307875
1301455
1303074
1301861
1301171
1301968
1304421
1300954
1304007
1303671
1304348
1305682
1304796
1306491
1303832
1302215
1304717
1302801
1306089
1307280
1303830
1304175
1306456
1307921
1305060
1307665
1308520
1300694
1302583
1301122
1305182
1302549
1305454
1307932
1308505
1300150
1301745
1303647
1307064
1303990
1308954
1303232
1302791
1300941
1304459
1305499
1303846
1303546
1304346
1301118
1301693
1308219
1300521
1303603
1307474
1308195
1305999
1301695
1306618
1302142
1304975
1301422
1301545
1303157
1307939
1305746
1303777
1308101
1305152
1307122
1300235
1305216
1305083
1300353
1306441
1300326
1308515
1306637
1301242
1307705
1302827
1305438
1308282
1300459
1301107
1308973
1300111
1307138
1306316
1300726
1301673
1306110
1307055
1300006
1301177
1304510
1303087
1307840
1306731
1304912
1305821
1301928
1305218
1300563
1301282
1303749
1304766
1304169
1304991
1306122
1303473
1302950
1302286
1305530
1303959
1300119
1304064
1304614
1302992
1302765
1307310
1308312
1308225
1304211
1300103
1304458
1307390
1307084
1308774
1308044
1304718
1307815
1302917
1303121
1304251
1302422
1306624
1303360
1304891
1304111
1302298
1302038
1300774
1303494
1300313
1303934
1300173
1300237
1300930
1304372
1305279
1300849
1303324
1303228
1304233
1305267
1302568
1302507
1301654
1301244
1304927
1305837
1302032
1304138
1308682
1301897
1306407
1304623
1308247
1302388
1304512
1302997
1302593
1302605
1304134
1301872
1301643
1304127
1308185
1305639
1300063
1306857
1302087
1300372
1308204
1303879
1300192
1301476
1308031
1307462
1304663
1301360
1303650
1300342
1304837
1301795
1300590
1301510
1303158
1303413
1303753
1302831
1304978
1300712
1302145
1300988
1301342
1308025
1307874
1301991
1302724
1305808
1302839
1300715
1303912
1305017
1301949
1306416
1303788
1303965
1307376
1302946
1305054
1302739
1300866
1300462
1304310
1306708
1302446
1307263
1300734
1308782
1308214
1308532
1302376
1301139
1300853
1307231
1304856
1304722
1307917
1304217
1302184
1308737
1302538
1302043
1300394
1300274
1304253
1301766
1300487
1305393
1305443
1300968
1302045
1303617
1301827
1302731
1300086
1304729
1308967
1304088
1307579
1303205
1301314
1308116
1303308
1304010
1307777
1304660
1308477
1302947
1304750
1307671
1304641
1306295
1306584
1301301
1305547
1302267
1307850
1301653
1307022
1302756
1306041
1306662
1301474
1301423
1303517
1306813
1300431
1301415
1304793
1302924
1307202
1300862
1307435
1305820
1301343
1308832
1301386
1306001
1305988
1302730
1302192
1308103
1302927
1302516
1306424
1303038
1302550
1303914
1307860
1303174
1305135
1304699
1300018
1304879
1303554
1305321
1305847
1308708
1300810
1302719
1303434
1301549
1300302
1304795
1302748
1306004
1307355
1303404
1301824
1306161
1302005
1308351
1301031
1306163
1303593
1302930
1305241
1305292
1303988
1305726
1301055
1307825
1303240
1308430
1306767
1302350
1300903
1301939
1304518
1300659
1304511
1307156
1308929
1307285
1300619
1303002
1308021
1303022
1307400
1307599
1300886
1308565
1304327
1304633
1302666
1305544
1302026
1303992
1306498
1304143
1302672
1308140
1300422
1303761
1300057
1303945
1300368
1303287
1302271
1301958
1301840
1305086
1304792
1302120
1300939
1301667
1304552
1305116
1304706
1302520
1306962
1304523
1308373
1301451
1305277
1302174
1306177
1301891
1302553
1305946
1303204
1305835
1305409
1300946
1300921
1304866
1308609
1303175
1304444
1303354
1305617
1303957
1300815
1302898
1301912
1301768
1308969
1300301
1303409
1306709
1302495
1304709
1303015
1303964
1302392
1304822
1302539
1302675
1304874
1302190
1301363
1300205
1306883
1301544
1300485
1307556
1303122
1300705
1306629
1308130
1304735
1302354
1301051
1302334
1306505
1308511
1301505
1308789
1305558
1302447
1300131
1304815
1306304
1301902
1306963
1308174
1302575
1308637
1305080
1308438
1306125
1304093
1308542
1303935
1305021
1302664
1308049
1301079
1305091
1308075
1300389
1307835
1304309
1308591
1307308
1306529
1307046
1306838
1300116
1300906
1302214
1304314
1301552
1308045
1302488
1308917
1302372
1304744
1305710
1302172
1304125
1308688
1304173
1300617
1305930
1307585
1303658
1307269
1307604
1301615
1305625
1307283
1305484
1305817
1304785
1303423
1303408
1303551
1300415
1305799
1306307
1303834
1308966
1305222
1302649
1305605
1300458
1303446
1303260
1303794
1304226
1308991
1304571
1300400
1302587
1305984
1302535
1306460
1304565
1304323
1302984
1303560
1302559
1304550
1304443
1307510
1301955
1304566
1301302
1307006
1301197
1302987
1301773
1306887
1303474
1302509
1301740
1300186
1308508
1308685
1305678
1306369
1302654
1301837
1307071
1300251
1302221
1301671
1303045
1306803
1306361
1308143
1306417
1300305
1300280
1305361
1305333
1307586
1308599
1303968
1304664
1303803
1308192
1304466
1308317
1307455
1304903
1305339
1304503
1304280
1305320
1301957
1308090
1304040
1301932
1302995
1303587
1303103
1305225
1307978
1303922
1305045
1307529
1302279
1305220
1308649
1308283
1300792
1303027
1304696
1303135
1301101
1305417
1302753
1307488
1304958
1301379
1304758
1302218
1303864
1302009
1307985
1300011
1307831
1303160
1302050
1300403
1303030
1303078
1304385
1307858
1303695
1300475
1306075
1305016
1301284
1307572
1308572
1305105
1305232
1303619
1302923
1301737
1303344
1308797
1305802
1302275
1305008
1300053
1307898
1308415
1302400
1301243
1303638
1302656
1304389
1305551
1300204
1302900
1306933
1303026
1304219
1300697
1306193
1305260
1308117
1308344
1304186
1306789
1300420
1302329
1305815
1300190
1300575
1307700
1308228
1308626
1303813
1305044
1303804
1303469
1301812
1306913
1304928
1305193
1304279
1300556
1301741
1306895
1304339
1305494
1301373
1308007
1302990
1304962
1308043
1305155
1300576
1300898
1301138
1304557
1300602
1302003
1308948
1303902
1308826
1307837
1305478
1302385
1301566
1300879
1303558
1302466
1305564
1303734
1300791
1306557
1301022
1301161
1303590
1305569
1302862
1303049
1305349
1307516
1304954
1303179
1308905
1306875
1302491
1302691
1308246
1302454
1304197
1301157
1301225
1307448
1300777
1303805
1300412
1307467
1301158
1301763
1305764
1300732
1306704
1307210
1306262
1306856
1303612
1300141
1300419
1302081
1306827
1300430
1303372
1305357
1304734
1302206
1303442
1304913
1300029
1307127
1304702
1302097
1305751
1301589
1304268
1303969
1308231
1302629
1302916
1300043
1300269
1305088
1300636
1304961
1304497
1304740
1302314
1305676
1300671
1308428
1302836
1304130
1305476
1308560
1302276
1300345
1301203
1302310
1306015
1306066
1301814
1307946
1305466
1303588
1308063
1303428
1308536
1305741
1300510
1305126
1300069
1308408
1300874
1303614
1303824
1303771
1301306
1304331
1300021
1306237
1302086
1307155
1304092
1306647
1306084
1301590
1301645
1303164
1302698
1302701
1302154
1303139
1302411
1303582
1305435
1308391
1306640
1301802
1304109
1307097
1301457
1306614
1306127
1307878
1300159
1307346
1303877
1300998
1303114
1301542
1307243
1307701
1306769
1300689
1308223
1303080
1304821
1308332
1305810
1306932
1304530
1303954
1306324
1306102
1301652
1307473
1307994
1302601
1307739
1300294
1300559
1307528
1305095
1300154
1305475
1308285
1305715
1308491
1304270
1304153
1300378
1305861
1307827
1304235
1307357
1303724
1301680
1300550
1306606
1304148
1302674
1302217
1308077
1305599
1303173
1304771
1301661
1300080
1303438
1308514
1302547
1302981
1302356
1302745
1304182
1304071
1300553
1303333
1304502
1304697
1302965
1305853
1304605
1303286
1307083
1305072
1302913
1303422
1307581
1304775
1307597
1307755
1307553
1302922
1302988
1307329
1306326
1303938
1303755
1308575
1305787
1306626
1301869
1308613
1306393
1303627
1308392
1305174
1302769
1303068
1307298
1308710
1304340
1306469
1301973
1303454
1306011
1306959
1300416
1300195
1301428
1303563
1303396
1306739
1306392
1308466
1308125
1304455
1306382
1302751
1303095
1304031
1304616
1302432
1307832
1300153
1302200
1301198
1307749
1304317
1305592
1305459
1300990
1306919
1301207
1303277
1307849
1308347
1305239
1305235
1305735
1307966
1308193
1300710
1304439
1308245
1302457
1304018
1303812
1308864
1303887
1306050
1306284
1302976
1303363
1303933
1301967
1303746
1306509
1307405
1308777
1302253
1308866
1306514
1308902
1302479
1307184
1305877
1307124
1306870
1302054
1303104
1307963
1301297
1302817
1307916
1304281
1303896
1302463
1304417
1301596
1304361
1303057
1305465
1302879
1301885
1306420
1301327
1304045
1300834
1305721
1300615
1303371
1301809
1308939
1301028
1305164
1300042
1305648
1300742
1301121
1304883
1304287
1303279
1301954
1304162
1307141
1302874
1303234
1306405
1307897
1307349
1307526
1305120
1304933
1308405
1306329
1305283
1306141
1301025
1300887
1302407
1301377
1306130
1302974
1303541
1303986
1300818
1305298
1303900
1301104
1305834
1304743
1305827
1301863
1305755
1306347
1300391
1303757
1306384
1305073
1300869
1304738
1306819
1306587
1303230
1303426
1302406
1305317
1307614
1300500
1301458
1308885
1303009
1305108
1304325
1301648
1302921
1307328
1301871
1304264
1306428
1301018
1308886
1301026
1301495
1300888
1308562
1300881
1304791
1305899
1308741
1305258
1307672
1307056
1308379
1300281
1301218
1302853
1302555
1304328
1307282
1306360
1301256
1300999
1300465
1304001
1302968
1304909
1301775
1307078
1306103
1305711
1305947
1305419
1301681
1308645
1305481
1305917
1302854
1300442
1304410
1306209
1304303
1305151
1302972
1303825
1300005
1307637
1303643
1303583
1301517
1302565
1304825
1304814
1303974
1308027
1300976
1307704
1306201
1303056
1307504
1301361
1305358
1300215
1303202
1308150
1304112
1304158
1301710
1304929
1304178
1300658
1301484
1308058
1300429
1307683
1307253
1303998
1300371
1305982
1303966
1306611
1308758
1301765
1308925
1300758
1306976
1308205
1300600
1300677
1304847
1304549
1303721
1305604
1301277
1300891
1301767
1305196
1303294
1306298
1306303
1305265
1303591
1305765
1308443
1305467
1303931
1300035
1300397
1304703
1300831
1305876
1300690
1307621
1305350
1307047
1306946
1304416
1302325
1305652
1306784
1302239
1304760
1302147
1308199
1302018
1305636
1308399
1304712
1304782
1300953
1303689
1306531
1304454
1305316
1306920
1308910
1306325
1305472
1306381
1305452
1302031
1305255
1306903
1308640
1305981
1303310
1303858
1306166
1307608
1306725
1300221
1308800
1302725
1308757
1304087
1306423
1301579
1306006
1301399
1303132
1303255
1307728
1304106
1308862
1305163
1302285
1307715
1305576
1303646
1301168
1303278
1300851
1308413
1302168
1305562
1301087
1302962
1302183
1306737
1305831
1303377
1307896
1304408
1305159
1305732
1304479
1307959
1301796
1301512
1304464
1304720
1307246
1303123
1304378
1308165
1303375
1301449
1300897
1302467
1301976
1304957
1308684
1301521
1300637
1300117
1301952
1304871
1305873
1301433
1301103
1303913
1302163
1300093
1301868
1304436
1307464
1308268
1300188
1305908
1301597
1304203
1302941
1308123
1302182
1300451
1308151
1304800
1301942
1306961
1306273
1308968
1304898
1306088
1303439
1301877
1302687
1306183
1305892
1302312
1303616
1303629
1300352
1306291
1308444
1307095
1300640
1303930
1304736
1307631
1306921
1307073
1305121
1303826
1301601
1308218
1305338
1300049
1301307
1306565
1301619
1304291
1300362
1302065
1304845
1306613
1302397
1301832
1301930
1300295
1300800
1305534
1305447
1303926
1305432
1307208
1300872
1304308
1308738
1302330
1303868
1305256
1305635
1305018
1305750
1302639
1307131
1300779
1304960
1300306
1305468
1305360
1304278
1303316
1303905
1308440
1305795
1304721
1306782
1305024
1307120
1303385
1303953
1300543
1303910
1303047
1302204
1301499
1301347
1303656
1302296
1302162
1307275
1300856
1303235
1303495
1303865
1300377
1306430
1305431
1308641
1302521
1308786
1305510
1308242
1300599
1306534
1307480
1306076
1301159
1301453
1306544
1303633
1303506
1306749
1301847
1304643
1301994
1302408
1304193
1302338
1303727
1307650
1301318
1305000
1301446
1300316
1304604
1303655
1300468
1300692
1308437
1300695
1302242
1302915
1301892
1303099
1306082
1301750
1302380
1305651
1308067
1302843
1302710
1304119
1300148
1301751
1303704
1303697
1306978
1302451
1301162
1303466
1300618
1307862
1302119
1305254
1300189
1307726
1302714
1304942
1302056
1302248
1304786
1304157
1304710
1307307
1306395
1306676
1307324
1304151
1301289
1302121
1305768
1303550
1300956
1303949
1306776
1307026
1303040
1300964
1308893
1307686
1304507
1301627
1307199
1304237
1305290
1300730
1306759
1308878
1304609
1304213
1304707
1308993
1303984
1301212
1307384
1306170
1305929
1305974
1305129
1300439
1301485
1305429
1304048
1301855
1304172
1305111
1305169
1300660
1307588
1300643
1302232
1307953
1300010
1302477
1304445
1301725
1306891
1308159
1304027
1306824
1308865
1305905
1300240
1301864
1307267
1302761
1305666
1302612
1304772
1305730
1303973
1301179
1302415
1304983
1302775
1300166
1304762
1300408
1301183
1300762
1300367
1307163
1307265
1301311
1304882
1301640
1305406
1300859
1306545
1307531
1306625
1307843
1302389
1307532
1307313
1304366
1306008
1308141
1303827
1306896
1305137
1302712
1306703
1303086
1304047
1303341
1307773
1307162
1300927
1301357
1307291
1305548
1301473
1300699
1303326
1303980
1305251
1302177
1307325
1302079
1303460
1302818
1303929
1308105
1307606
1304683
1305713
1300609
1304630
1307904
1304918
1301668
1301228
1303243
1303630
1307925
1305170
1308046
1301963
1303706
1304104
1305836
1300340
1306044
1303898
1306636
1307764
1308829
1306999
1300735
1308545
1301937
1301431
1302287
1302487
1304802
1300464
1308375
1306294
1303574
1306602
1305275
1300331
1301412
1302728
1300850
1303225
1306275
1304858
1303833
1302665
1307335
1302594
1301374
1308654
1300496
1303386
1301409
1303604
1302125
1308361
1302337
1301733
1305154
1300560
1308534
1301731
1303285
1306447
1303050
1308305
1301056
1308760
1302489
1304648
1302136
1305628
1300120
1302212
1304126
1303430
1308631
1305300
1301561
1306064
1302970
1308922
1307053
1303275
1301798
1303501
1304524
1303743
1308940
1306642
1306239
1305003
1303472
1304840
1302624
1301323
1305973
1302344
1307015
1306648
1304594
1308571
1306321
1307116
1302484
1301541
1304716
1303678
1302636
1306533
1301516
1303016
1308433
1302889
1302299
1301083
1308931
1300445
1303162
1308838
1304835
1300266
1301520
1307958
1303303
1300193
1302693
1304376
1303295
1306000
1305975
1304085
1300501
1300991
1303486
1300339
1308904
1304336
1300743
1303353
1305677
1304039
1308170
1306651
1300358
1300841
1304944
1305556
1308537
1308349
1308481
1301182
1308377
1305854
1300673
1303766
1301882
1308052
1307119
1302703
1302101
1302070
1306244
1301354
1308329
1300653
1302139
1306797
1304575
1300633
1305862
1301526
1306720
1304159
1306812
1302767
1303005
1302934
1305296
1302187
1302782
1301298
1308901
1300002
1306685
1305040
1302932
1302288
1305185
1308260
1305612
1302374
1302779
1304755
1301436
1306925
1307284
1303719
1301634
1307042
1302663
1308445
1305041
1308671
1307652
1308106
1306139
1305192
1307259
1308883
1300877
1308171
1306145
1300438
1302660
1301270
1302118
1307337
1303709
1303839
1305173
1303119
1300249
1304937
1303236
1301524
1303269
1303581
1300504
1308036
1305885
1308972
1307423
1304345
1308752
1307721
1303702
1305032
1303381
1300649
1304647
1303431
1303033
1303976
1302035
1301698
1302502
1300081
1308762
1300621
1306949
1301105
1305849
1304915
1308383
1305598
1303093
1301641
1304379
1303361
1302925
1303620
1301254
1300882
1305030
1303112
1306365
1308085
1308074
1303429
1304953
1302682
1305632
1302191
1302700
1306253
1304024
1301061
1306448
1304146
1300220
1308650
1305641
1306571
1300271
1305622
1300405
1305405
1302704
1303193
1307082
1301029
1303061
1303732
1307214
1306223
1308577
1307135
1308704
1301186
1305344
1308681
1301375
1301482
1304354
1303537
1301144
1301571
1304358
1301901
1300236
1304274
1307803
1300075
1305384
1301461
1304311
1301972
1306007
1302349
1307063
1303115
1301233
1305201
1308299
1308328
1307450
1300085
1308553
1301119
1307800
1307852
1308831
1301080
1305893
1302584
1300693
1300740
1307003
1303768
1304875
1306270
1306385
1302321
1306121
1307445
1301729
1304869
1308459
1305127
1303657
1305537
1300675
1301713
1308884
1308386
1301525
1307740
1305097
1302132
1307244
1301913
1306579
1301193
1304238
1307717
1308851
1302033
1300652
1305213
1308522
1301518
1301638
1301350
1304753
1302209
1308686
1306765
1300084
1303578
1308696
1308535
1300399
1302557
1307779
1307505
1304873
1301068
1306693
1308337
1304593
1300168
1305774
1304298
1302223
1308190
1303128
1301011
1307629
1300908
1307853
1305050
1300165
1305237
1302402
1303000
1303412
1301946
1307045
1302996
1308945
1304306
1304437
1305087
1308596
1304393
1307909
1307955
1306798
1303947
1301269
1308082
1300915
1302620
1306564
1303280
1300474
1302258
1302159
1302315
1306910
1305101
1301906
1301467
1305397
1307961
1302515
1301735
1303211
1301778
1303400
1301905
1306453
1305658
1304516
1301986
1307373
1301285
1301582
1301817
1308154
1308747
1301568
1303691
1301583
1303851
1307232
1300808
1303556
1300471
1301831
1304541
1308051
1307087
1300127
1306205
1300821
1303699
1305285
1304925
1305507
1302614
1303492
1301445
1300655
1306576
1302658
1304137
1300428
1304807
1303818
1306806
1302994
1305382
1306717
1300138
1305206
1306586
1306597
1301089
1301097
1305653
1308607
1303274
1308524
1300959
1306425
1303791
1301547
1304383
1300833
1304124
1304259
1301899
1304230
1304780
1307790
1306802
1302513
1305643
1305797
1305552
1300539
1304269
1306249
1306983
1302524
1307838
1303126
1303535
1305309
1301666
1308510
1301584
1306386
1303192
1301625
1301971
1305427
1308374
1303196
1308552
1300322
1306697
1304049
1301156
1308468
1302632
1302291
1304746
1306501
1301044
1300008
1303108
1301515
1300435
1308462
1301330
1300180
1306583
1302156
1302949
1306912
1305423
1306412
1305140
1301085
1305704
1303419
1306367
1300752
1307616
1302966
1300657
1301563
1304763
1300934
1307392
1304582
1300155
1304283
1305445
1307848
1305613
1301948
1307129
1304733
1301192
1302876
1305785
1306470
1300225
1304854
1301608
1303224
1302708
1304056
1303602
1303037
1304694
1308022
1304116
1307679
1308965
1305638
1307096
1304215
1302359
1308835
1300208
1300680
1305521
1306569
1307685
1305960
1304377
1300986
1306532
1303199
1304166
1305661
1304415
1300158
1301744
1303105
1305508
1306327
1300022
1301613
1302738
1304528
1300097
1306778
1307146
1303282
1307812
1302475
1301383
1305778
1300750
1301268
1305385
1302165
1303555
1300865
1302834
1305092
1305247
1303829
1302501
1305440
1307950
1301410
1306780
1304996
1305381
1305253
1300265
1304258
1300284
1307050
1301023
1302746
1305082
1303579
1303267
1307541
1306893
1303817
1300911
1302480
1303222
1307416
1301005
1300303
1300344
1308690
1302023
1307697
1302617
1305504
1307031
1301629
1302478
1300146
1305607
1302558
1302015
1306547
1306115
1306279
1307366
1305148
1301012
1304538
1303237
1306046
1307151
1300837
1306981
1302661
1302126
1302640
1304719
1301834
1300495
1301756
1308706
1308254
1305451
1302945
1307694
1300965
1308108
1307437
1308426
1301553
1300181
1307411
1301326
1308916
1301752
1308277
1307052
1302610
1306353
1301702
1301271
1303154
1305049
1302574
1302926
1306620
1302068
1306969
1306377
1302683
1308657
1308763
1302283
1304972
1303883
1301252
1301109
1303672
1300578
1302504
1304069
1308628
1302107
1305158
1303901
1304862
1300787
1307819
1300183
1305453
1304330
1305389
1305039
1300701
1306485
1308912
1305793
1305134
1308780
1301649
1308369
1308307
1307951
1305395
1304844
1308287
1306337
1303840
1306695
1300781
1300100
1300129
1305461
1301352
1307558
1306661
1302024
1306468
1306752
1302108
1301535
1307566
1304987
1301689
1300039
1304041
1308672
1303296
1303407
1300794
1307470
1304318
1303774
1300277
1305069
1306390
1303250
1308588
1304485
1300383
1307661
1300757
1300552
1303855
1306196
1306537
1301329
1300239
1306690
1303043
1306622
1305722
1301559
1304060
1304341
1305826
1301970
1301052
1300044
1308259
1304678
1308767
1308647
1305965
1305880
1301152
1303072
1304228
1306020
1304089
1300880
1300307
1307108
1305906
1301054
1304342
1307612
1301697
1302497
1303928
1304315
1308548
1305460
1307791
1304826
1302284
1305311
1307730
1300115
1306331
1304986
1305244
1301454
1305684
1300533
1307787
1305186
1308980
1300026
1300604
1303238
1307228
1302205
1301618
1306229
1307941
1305287
1308198
1308748
1303585
1305723
1303203
1302167
1306801
1308018
1302851
1302554
1302579
1302295
1300102
1305128
1305801
1308253
1300567
1308830
1307500
1303510
1304096
1304656
1302977
1305518
1300767
1307596
1307865
1304941
1304373
1300156
1308928
1305356
1302256
1307235
1300064
1307471
1304369
1301839
1305545
1302742
1300379
1304321
1302643
1304091
1302829
1306541
1308208
1303642
1303185
1301858
1301258
1306362
1300901
1301988
1308773
1307432
1307521
1300187
1300472
1306282
1301403
1305953
1305305
1301185
1303610
1308353
1302381
1306151
1300852
1305199
1305038
1301053
1305718
1302438
1301841
1307090
1303925
1302740
1303320
1306059
1304820
1302049
1306608
1305879
1300721
1303161
1308138
1306696
1308881
1301862
1304657
1303213
1308188
1304639
1306665
1302322
1301722
1306699
1305085
1302473
1300581
1301981
1303700
1303337
1303367
1305131
1300492
1305396
1300493
1306328
1307949
1303067
1308979
1305758
1308064
1305505
1303395
1304537
1303107
1308176
1301477
1304357
1303895
1302692
1304190
1303322
1304570
1307463
1301878
1301287
1303138
1304629
1306804
1301278
1308622
1304243
1306389
1303584
1304576
1300257
1303362
1300328
1302249
1301359
1302360
1307811
1308808
1308281
1304948
1301876
1302016
1307984
1302222
1302928
1301908
1302904
1301040
1308156
1307795
1308921
1306346
1303718
1305915
1304500
1305737
1300499
1308625
1305474
1305687
1305646
1306047
1302973
1301739
1300321
1307546
1300481
1308755
1302566
1303674
1304256
1306028
1306674
1305654
1305762
1305668
1303212
1305383
1307468
1306746
1304200
1304638
1305004
1303461
1306403
1300790
1303566
1305326
1305565
1308350
1305369
1303298
1301117
1303471
1306157
1301096
1307707
1303936
1303489
1304149
1301466
1300074
1300597
1303744
1307255
1303300
1302528
1305967
1304628
1302510
1304601
1303958
1300542
1304351
1304846
1303897
1301720
1300565
1304477
1302918
1303221
1306418
1300491
1300744
1306261
1300776
1303171
1303450
1305376
1300515
1303343
1305280
1302353
1302759
1308147
1306635
1306175
1303683
1308081
1301572
1303598
1308496
1304741
1306722
1303100
1302929
1306480
1306582
1306465
1300867
1303502
1308806
1300918
1305394
1302346
1303932
1303875
1303570
1305301
1300665
1308270
1307613
1306577
1305055
1303017
1307157
1301303
1308070
1303843
1302933
1305240
1303770
1305833
1306243
1305325
1308436
1308538
1300425
1304810
1306656
1307386
1306116
1304529
1306065
1302225
1308834
1306940
1304144
1306550
1304199
1301263
1306150
1303847
1301890
1303523
1302526
1300262
1300855
1305221
1305528
1306930
1307415
1307356
1300330
1301086
1303776
1301732
1308664
1300545
1308570
1308251
1304598
1306522
1303701
1304363
1303525
1301072
1302289
1303241
1300761
1300638
1302357
1305208
1300432
1302421
1306599
1300890
1302717
1305368
1301631
1300130
1300088
1302808
1306246
1308698
1304813
1304013
1307299
1304098
1303109
1304077
1300161
1304037
1306971
1302653
1303245
1300967
1300532
1306646
1302410
1305784
1308263
1303524
1305767
1304653
1308602
1303809
1305649
1303369
1305708
1307752
1308335
1302228
1300816
1305420
1304799
1305133
1307520
1300580
1300922
1304979
1303816
1304438
1304102
1306882
1303504
1301574
1308559
1308055
1303165
1300092
1304924
1302424
1303251
1303483
1303180
1307089
1308635
1304234
1300944
1300014
1301209
1301974
1307664
1302138
1303861
1300128
1304713
1308233
1300219
1300096
1302331
1303736
1307645
1301222
1300535
1306062
1306351
1305160
1303515
1305006
1308492
1300216
1301551
1304757
1304244
1307100
1305259
1308949
1301201
1301684
1307801
1301528
1304970
1302809
1307789
1308486
1304184
1308239
1308525
1306601
1301555
1306757
1300211
1302234
1308382
1301548
1307216
1305640
1303982
1303942
1305315
1306450
1308163
1301801
1301522
1302302
1300796
1303752
1307774
1302358
1306905
1307159
1307378
1300682
1302203
1300164
1307993
1307161
1307000
1304122
1304600
1304522
1305374
1303036
1304955
1304424
1302677
1308041
1305355
1300162
1301069
1300077
1306766
1306974
1307748
1300557
1308451
1303136
1306258
1308724
1305109
1305533
1300945
1307882
1304343
1307066
1306138
1306255
1308809
1302290
1308494
1302905
1301511
1308059
1304990
1307971
1306220
1301602
1302305
1303997
1305695
1304887
1304412
1305434
1302240
1300982
1304494
1303070
1306712
1307484
1306750
1300505
1304997
1308820
1300842
1307502
1308184
1305229
1303209
1302114
1306726
1305373
1305245
1301575
1301376
1304790
1306829
1306322
1308923
1305278
1306839
1306528
1304642
1308308
1304932
1304634
1307780
1305623
1302093
1300143
1308513
1301368
1300218
1305074
1308803
1300756
1305488
1302652
1301707
1301160
1303712
1300502
1300873
1306643
1307947
1305187
1303748
1303780
1300110
1303660
1304028
1301491
1306663
1300453
1301594
1306439
1300473
1302849
1301414
1307972
1304300
1305733
1307545
1303366
1301815
1308606
1302952
1303470
1300508
1301176
1303231
1302533
1301074
1303281
1301793
1305650
1304263
1305375
1307627
1304665
1306370
1304525
1301788
1300198
1307380
1304282
1304368
1301142
1307727
1300384
1301844
1304062
1307651
1301475
1302887
1300071
1304553
1303345
1303405
1307926
1301316
1308295
1300213
1301016
1305272
1301404
1306148
1303952
1305061
1308261
1308825
1304108
1302371
1306751
1307351
1305794
1302908
1301384
1306263
1303210
1303312
1306585
1302720
1300512
1301353
1308727
1304249
1302536
1301850
1300406
1305046
1305595
1304375
1306735
1300041
1305404
1303572
1304920
1301539
1307150
1305303
1304650
1300067
1304030
1304241
1303393
1306939
1308846
1300385
1305602
1301296
1300828
1301998
1306228
1304150
1307205
1302630
1304662
1300065
1307836
1306682
1304974
1308323
1301934
1302690
1307321
1304889
1300627
1306689
1307451
1307344
1308026
1303842
1308416
1301791
1302277
1303356
1307570
1307731
1302975
1300125
1307262
1303365
1305851
1303972
1301464
1305867
1305416
1304015
1304886
1306280
1301283
1301483
1304177
1306672
1302057
1301324
1303053
1307834
1307864
1308352
1303498
1305517
1306334
1300291
1306869
1301331
1301194
1305486
1307226
1308601
1301810
1308827
1305601
1307180
1305816
1307426
1301468
1306628
1306872
1300634
1300366
1304262
1305171
1300036
1301488
1301020
1307969
1300066
1307475
1302963
1301134
1300929
1301620
1303334
1300308
1306707
1304481
1302600
1304236
1300614
1303836
1308652
1308460
1306350
1305022
1303688
1301003
1303580
1306194
1302897
1307813
1307038
1306090
1304724
1304297
1304493
1307079
1305031
1304828
1304090
1305274
1302943
1301335
1302008
1303869
1308920
1301670
1301260
1307057
1303325
1304433
1305912
1300975
1308566
1303562
1301704
1301365
1303575
1304554
1302648
1300170
1304147
1303916
1304070
1301730
1307343
1307762
1301215
1301826
1304723
1304668
1305644
1302783
1305637
1304224
1301416
1304289
1302822
1304939
1300443
1301925
1303436
1308235
1301370
1308222
1301084
1303110
1302919
1308407
1302894
1301623
1300124
1307513
1300268
1303975
1303738
1308240
1302251
1307680
1304414
1304255
1307333
1301231
1300884
1301223
1306095
1305642
1304572
1302776
1304360
1304535
1302623
1304610
1300645
1300364
1307859
1304855
1304465
1306219
1308215
1301682
1307601
1300700
1308781
1301236
1306705
1301206
1307905
1304637
1302508
1304798
1306592
1303692
1307643
1308236
1303696
1300595
1300311
1303547
1301898
1301749
1307388
1308073
1305667
1307501
1308454
1307970
1307051
1300606
1308656
1307702
1300254
1306242
1307479
1302063
1307797
1300045
1300297
1307936
1301452
1303257
1307211
1300623
1305005
1304922
1305330
1301143
1303336
1302764
1304540
1303781
1308079
1308134
1302260
1303785
1301091
1306772
1307203
1300454
1302245
1303521
1300374
1305130
1301238
1302781
1308583
1307547
1300516
1305814
1308653
1305194
1303317
1300480
1305327
1300051
1305491
1304380
1304919
1302364
1308457
1302797
1301685
1303024
1307402
1303941
1305268
1306924
1301990
1303311
1303025
1308109
1302266
1302888
1304154
1306013
1307029
1301471
1305524
1301532
1306268
1301039
1301633
1304833
1304425
1305502
1300223
1308655
1307891
1308765
1303730
1305829
1301624
1308478
1304284
1303600
1307515
1303390
1304732
1303270
1303219
1306833
1307013
1304938
1306117
1303967
1306630
1304860
1308279
1303054
1307442
1308751
1302796
1300197
1307268
1301249
1300256
1308019
1301010
1302347
1302940
1302819
1301965
1306845
1307695
1301497
1305883
1305430
1305700
1303153
1305037
1306222
1302780
1307237
1301622
1305377
1302856
1302158
1307785
1302585
1302257
1307986
1306792
1308516
1305616
1307903
1308115
1300766
1304059
1304204
1307911
1303208
1304301
1308037
1303090
1308144
1301393
1301155
1308024
1308370
1304405
1303150
1303034
1300733
1302635
1303908
1306111
1300346
1307433
1308791
1300224
1306218
1308114
1303220
1308857
1302823
1304399
1302104
1303790
1308586
1302083
1304212
1303479
1304491
1300370
1305471
1301257
1300994
1304003
1302569
1308735
1304971
1308271
1304058
1308742
1302860
1305858
1304057
1301232
1304679
1307191
1304520
1303837
1301208
1304240
1305725
1307977
1303815
1302750
1307330
1300864
1306965
1302084
1307587
1305156
1301234
1300950
1306366
1300978
1306998
1301149
1301049
1308914
1303615
1301078
1303981
1300185
1306854
1302591
1304034
1303029
1301662
1308983
1303266
1302884
1302689
1302041
1308676
1303152
1303644
1307691
1301211
1301438
1306025
1301240
1304728
1304514
1301239
1301924
1300773
1307207
1303134
1305469
1305231
1307345
1301621
1303182
1301708
1302540
1301922
1307206
1300892
1301315
1300861
1301789
1300942
1306182
1301265
1306042
1305066
1300863
1300684
1308249
1308796
1301699
1306024
1301098
1300691
1306850
1307712
1303023
1303319
1307894
1305495
1307866
1306449
1303373
1301715
1304299
1308441
1306955
1307732
1303625
1307443
1303693
1300210
1300910
1306336
1304509
1302019
1306927
1300711
1302713
1308614
1305587
1304008
1300723
1302979
1307571
1305020
1305724
1304174
1307615
1303248
1300541
1301903
1300073
1302824
1303516
1307452
1302146
1308546
1303437
1301066
1306458
1307091
1308906
1303035
1303866
1302034
1302560
1304189
1302840
1306490
1302866
1305401
1302895
1308404
1300973
1303567
1305449
1303156
1300577
1307072
1301426
1306604
1305172
1302450
1306311
1306010
1302493
1300283
1308089
1301607
1305766
1300456
1301008
1308267
1300662
1304693
1300958
1300644
1300679
1304227
1300250
1307365
1302534
1305525
1301896
1306989
1307759
1302499
1306781
1307555
1301292
1302875
1304179
1306128
1302144
1308217
1304561
1306179
1304338
1300571
1301884
1306828
1305366
1305036
1300718
1307742
1304273
1304086
1307786
1306680
1302462
1306811
1304014
1308471
1307930
1305161
1308619
1304371
1304044
1306744
1306868
1304471
1303233
1305921
1307074
1306844
1304673
1303420
1300568
1303596
1303880
1306993
1300261
1308554
1304560
1301224
1302216
1303530
1305400
1303401
1306791
1300706
1301533
1308363
1305818
1306126
1306706
1305214
1308805
1308096
1305645
1303820
1308237
1306434
1306310
1303639
1303605
1305698
1306241
1301320
1306283
1302130
1306644
1302166
1303561
1305145
1307644
1300755
1302452
1302955
1307995
1306068
1301784
1307069
1306051
1304617
1305671
1302416
1302021
1308178
1302705
1305597
1308519
1304418
1300299
1306991
1301153
1301321
1303956
1307793
1300279
1301313
1305748
1301529
1302436
1303871
1300605
1305747
1303867
1306817
1308875
1300350
1304367
1308769
1300983
1300253
1301936
1300594
1308013
1305575
1307776
1303042
1308365
1308754
1307824
1302028
1308503
1300040
1307522
1302670
1307067
1302335
1300920
1308785
1300907
1304100
1305076
1301060
1306710
1303004
1302085
1302464
1306951
1308858
1306235
1303740
1300717
1306380
1303917
1308157
1307708
1300786
1304029
1302303
1306899
1303330
1302201
1302694
1300876
1307486
1302199
1306877
1307913
1303130
1308632
1307938
1305665
1307944
1300122
1302556
1308610
1306848
1301188
1303414
1306638
1304420
1302914
1302483
1300848
1306032
1301818
1305104
1303133
1305538
1301700
1301391
1305098
1302784
1301679
1303890
1307662
1300482
1301164
1305901
1300089
1307002
1308262
1307757
1308418
1307754
1307185
1304589
1300798
1300290
1306118
1303565
1300133
1306830
1305567
1307964
1305874
1302644
1300248
1307339
1307619
1304625
1308776
1306931
1300546
1303239
1302727
1303140
1306348
1308400
1307798
1308955
1301781
1304574
1304774
1307626
1303358
1305736
1302685
1308700
1305923
1306155
1302255
1302117
1308517
1305415
1305944
1300145
1307580
1301036
1306238
1304207
1308633
1308326
1302604
1300838
1308424
1308092
1306440
1304904
1300289
1306036
1304989
1302091
1303923
1308872
1308378
1308867
1302679
1305618
1305788
1305064
1307817
1305204
1307809
1308028
1306960
1307165
1307477
1302729
1302244
1307693
1306356
1301825
1301364
1306016
1301980
1303021
1305656
1308996
1304756
1302633
1303142
1301216
1301950
1305107
1303125
1305958
1304584
1304324
1306588
1300034
1302570
1302361
1308319
1306301
1306692
1303909
1306675
1303394
1305897
1306617
1302846
1303305
1305165
1303464
1302268
1303289
1301723
1306479
1300582
1308284
1302814
1302048
1307738
1306633
1308507
1304469
1307675
1307158
1306948
1303971
1303860
1306169
1303309
1306846
1307093
1305084
1307312
1305775
1308297
1306199
1302313
1301058
1306810
1303001
1307576
1305941
1305212
1307086
1303008
1308638
1302227
1302341
1300696
1307844
1304021
1302318
1303338
1303669
1306399
1301918
1305943
1301867
1302105
1306422
1302089
1307168
1303465
1305089
1301996
1308691
1300424
1307027
1308411
1307845
1304196
1301088
1307914
1305207
1303989
1301317
1306312
1301300
1304440
1303176
1304025
1304183
1302744
1304548
1304965
1301658
1308815
1303445
1300822
1304453
1306101
1302241
1305179
1306354
1304536
1308384
1303822
1301821
1301947
1304945
1303907
1301264
1302115
1302747
1300469
1300121
1300977
1303540
1308924
1300725
1304068
1306397
1304050
1301205
1301429
1302355
1302391
1304943
1305688
1303120
1303314
1306504
1300966
1306740
1300984
1304949
1301636
1302778
1300390
1307649
1301701
1304591
1306240
1306048
1307414
1302082
1300642
1305706
1303767
1303623
1308160
1305106
1302991
1303457
1302954
1308861
1308038
1301334
1305891
1304533
1300775
1300899
1301503
1301332
1308482
1306378
1301904
1308289
1301630
1300584
1301984
1307713
1307117
1300801
1308321
1304881
1302178
1308091
1303048
1301632
1303427
1305920
1307494
1307943
1302153
1307983
1302297
1306973
1300202
1305570
1301915
1308627
1307657
1306681
1302425
1302909
1300135
1308489
1308768
1302263
1300338
1306402
1304676
1307976
1307342
1308034
1302236
1307942
1300270
1303659
1302071
1301610
1303977
1308008
1300523
1307535
1307901
1307230
1307358
1304113
1301253
1307028
1305672
1300549
1305012
1300943
1300626
1308191
1301578
1304818
1305940
1302512
1304870
1300012
1306970
1304432
1308364
1300672
1302867
1306383
1308807
1300263
1307113
1308997
1301910
1305786
1306499
1301664
1308941
1304107
1307737
1306786
1300449
1306200
1301923
1302282
1304689
1305236
1306293
1300996
1307542
1300830
1300260
1306452
1301711
1302651
1303569
1306897
1307065
1305577
1301983
1306918
1308581
1300530
1303622
1301397
1306691
1308054
1306069
1305248
1303071
1303763
1304498
1305752
1300702
1307841
1300970
1300060
1303253
1304547
1300857
1302786
1308316
1304784
1306733
1305378
1302161
1306966
1307912
1301508
1303327
1303499
1305501
1308743
1306457
1308544
1301982
1305442
1306563
1305686
1307187
1308720
1307760
1302252
1306890
1304745
1303649
1301753
1301719
1307186
1301929
1303653
1307624
1308937
1306777
1302363
1302841
1303335
1307300
1304654
1305380
1301381
1303167
1304615
1303195
1303032
1307729
1303539
1300836
1302375
1306472
1308683
1307213
1308775
1302074
1301312
1308093
1300296
1304830
1304022
1307190
1301881
1308014
1304333
1303148
1306045
1308387
1300686
1302760
1301402
1304486
1304194
1305743
1301002
1306054
1303089
1307111
1302000
1303299
1307081
1307412
1308892
1304981
1304076
1306853
1305663
1306513
1306686
1304451
1301564
1308238
1302795
1300616
1302202
1303456
1301585
1307446
1302423
1302590
1303526
1300381
1306495
1307309
1303066
1301927
1306215
1305479
1308584
1307004
1305477
1308788
1303416
1303764
1307121
1305015
1302911
1304290
1306427
1307673
1304474
1305119
1303654
1303463
1307692
1306466
1308853
1305162
1301030
1304271
1303349
1300860
1305846
1303455
1308718
1306464
1306056
1308852
1304765
1305331
1305998
1304164
1300395
1301255
1301322
1300925
1304156
1307646
1303684
1301440
1305202
1307881
1301148
1301178
1304220
1306520
1304579
1305123
1303676
1300917
1304293
1305896
1301076
1305840
1308453
1301829
1300829
1303522
1304902
1305176
1305413
1301807
1302626
1302737
1302903
1303594
1301009
1304727
1306574
1304326
1306873
1305226
1303758
1305146
1304396
1300749
1304737
1300030
1300537
1306519
1302531
1303527
1300763
1307483
1307536
1306454
1308903
1305335
1301614
1307988
1307340
1302537
1301196
1307667
1302998
1304254
1307441
1301195
1304708
1301172
1302113
1300329
1307868
1305709
1306916
1300319
1308367
1306114
1301390
1307438
1307589
1306461
1301961
1302878
1307372
1305257
1303885
1308210
1305062
1304892
1303828
1300883
1306796
1307152
1306252
1304946
1303197
1300234
1300603
1308541
1306158
1305118
1304968
1300963
1307654
1308167
1302787
1303259
1303848
1304435
1305304
1308483
1302420
1308473
1306977
1308200
1307919
1300455
1301432
1303084
1300151
1308663
1303601
1307301
1304916
1303705
1302434
1300437
1302456
1307768
1302012
1306488
1304409
1307377
1307564
1301272
1307957
1307251
1306432
1303041
1307220
1303534
1307781
1307035
1300741
1303814
1308039
1303453
1306747
1301063
1302893
1301519
1307655
1303418
1307094
1308107
1306376
1308592
1306687
1307194
1304239
1303726
1302650
1305124
1300315
1301355
1307201
1308104
1308420
1308368
1302715
1307562
1308723
1300369
1308100
1302543
1302811
1303082
1306593
1307492
1306484
1305343
1305189
1303680
1304489
1305217
1301943
1301340
1306137
1303272
1305512
1307136
1305308
1302546
1301736
1304620
1305263
1300661
1308390
1300610
1302812
1306419
1308729
1301279
1304754
1308145
1307293
1308811
1301790
1304992
1307537
1307663
1306191
1302017
1307933
1300259
1307167
1305329
1308942
1304592
1301779
1304214
1306851
1302461
1307855
1302957
1308094
1301328
1308131
1300612
1304868
1302272
1300709
1300731
1306770
1302188
1308053
1307842
1307846
1302261
1307889
1308465
1307549
1305482
1303347
1302001
1306748
1303382
1301358
1302847
1301859
1302768
1307699
1300489
1305059
1301921
1301387
1300664
1302175
1304364
1304888
1305916
1302014
1301762
1301852
1304515
1300724
1305398
1302185
1307968
1308900
1300411
1307935
1301888
1300823
1300736
1300335
1305689
1303062
1307334
1306793
1302326
1304777
1308697
1304977
1302060
1304698
1303124
1304649
1300423
1300992
1304534
1301761
1301348
1300497
1306330
1300870
1305531
1304951
1306589
1307174
1300819
1303012
1306945
1305987
1301093
1301033
1303448
1306086
1305513
1303889
1305657
1308644
1302224
1308911
1300457
1302910
1307782
1305310
1302160
1308189
1307281
1300024
1300003
1306225
1302837
1300356
1305572
1305370
1303378
1305379
1308211
1306080
1304680
1304406
1301833
1301065
1308693
1304715
1300272
1305659
1306027
1307873
1302059
1307796
1305013
1306523
1305812
1302046
1308715
1304350
1304411
1303518
1307304
1304768
1305553
1307311
1304467
1308266
1303955
1301111
1301310
1303288
1304038
1303894
1303380
1303214
1301459
1303592
1302317
1300972
1304682
1305578
1304051
1302596
1304823
1303853
1307059
1304478
1300229
1303713
1305387
1304543
1307008
1304655
1303188
1301609
1304667
1307021
1307278
1307931
1301856
1301479
1304759
1302439
1300783
1305631
1305497
1305070
1303937
1308594
1304542
1304442
1305872
1300931
1301498
1303694
1306092
1302369
1301309
1304586
1308296
1306542
1302027
1300252
1305132
1300913
1306277
1301163
1301577
1304448
1305860
1303963
1304863
1301135
1303714
1303301
1300217
1301738
1302235
1305056
1303417
1303687
1304764
1306694
1304446
1305428
1306445
1303433
1308269
1301941
1301677
1300885
1300650
1302435
1306037
1304504
1306598
1306855
1300935
1308472
1303801
1303640
1301944
1308417
1302180
1308164
1303532
1305028
1306035
1305177
1302210
1305731
1308982
1305099
1306952
1300238
1304160
1305500
1308615
1301435
1305957
1304205
1308549
1300962
1307892
1304218
1306216
1302864
1305542
1300172
1301676
1308707
1307252
1303665
1307478
1308480
1306500
1306146
1304658
1304265
1301214
1305838
1303737
1308294
1302736
1301073
1305175
1305956
1301395
1301110
1305712
1300960
1304294
1304072
1305359
1306463
1300112
1302771
1301167
1305230
1307041
1303742
1304599
1307314
1304956
1308658
1300526
1300727
1305776
1305664
1301027
1303444
1301530
1301325
1304404
1308860
1305261
1303645
1307769
1307393
1308015
1300052
1302865
1306099
1305907
1302100
1304370
1306885
1305498
1307893
1301405
1304567
1305705
1304867
1302308
1305993
1300799
1307212
1308497
1304055
1300396
1308358
1306094
1308410
1307148
1307660
1303194
1305337
1302226
1306144
1307574
1308992
1301639
1301281
1308395
1300373
1302733
1300167
1301128
1304225
1308564
1305457
1300630
1307240
1308209
1302398
1308817
1306654
1300806
1305588
1301805
1300019
1306005
1302800
1301463
1308177
1306471
1301099
1307974
1308756
1306105
1307929
1300728
1300531
1302872
1302763
1307954
1301774
1305585
1305878
1304687
1302320
1308450
1308504
1303918
1300278
1301706
1302735
1301642
1300312
1307745
1307264
1305437
1305178
1305455
1304613
1301569
1304806
1301538
1303402
1302892
1307322
1302858
1308152
1301250
1304890
1308012
1303751
1303856
1302306
1305506
1306483
1304395
1303331
1308276
1301964
1300169
1307217
1303342
1304872
1308060
1303857
1306444
1307557
1306878
1300525
1300494
1305444
1307723
1301879
1307775
1301180
1307620
1305458
1306475
1308095
1302339
1301427
1303083
1300417
1306264
1305352
1306233
1303536
1305014
1301993
1306031
1300200
1308303
1306754
1300974
1300601
1308526
1304666
1303190
1300540
1301434
1308495
1303306
1302678
1304838
1308467
1302793
1308421
1300070
1306825
1301956
1301338
1303919
1302833
1305674
1308461
1303391
1306152
1304587
1308020
1306267
1305868
1303881
1302669
1304936
1303321
1300517
1304578
1300087
1306975
1305729
1303258
1305918
1303733
1308181
1301843
1306185
1307509
1305850
1308061
1304809
1305761
1303835
1300720
1305464
1307975
1300995
1304607
1303262
1302443
1307674
1303302
1301344
1300126
1303399
1303449
1306871
1305986
1305318
1306649
1302789
1307703
1301291
1302857
1300038
1302259
1301274
1301975
1303722
1302613
1302051
1301288
1308961
1300310
1308345
1303398
1308733
1308556
1308887
1304171
1302006
1306107
1307982
1301124
1307154
1302956
1301437
1308005
1308721
1301035
1307907
1305051
1300467
1300663
1301204
1307539
1302842
1303146
1300782
1308616
1300123
1302150
1308066
1307920
1303058
1302148
1302301
1307391
1306688
1300488
1305669
1301478
1307552
1307584
1301656
1305629
1307104
1305426
1303424
1306944
1308396
1303387
1302067
1300812
1307011
1304043
1306658
1307241
1304852
1307236
1302706
1305614
1300569
1307289
1303564
1304921
1303206
1304681
1307098
1301102
1303543
1301953
1302213
1303663
1307653
1308794
1304595
1307271
1306315
1305789
1308975
1301786
1306352
1305839
1306338
1300386
1305365
1300629
1304690
1305424
1303191
1301420
1304749
1304042
1302835
1305875
1302951
1304794
1301873
1308701
1307025
1308425
1300608
1302194
1308907
1300555
1308127
1304394
1308847
1308877
1304556
1307810
1306774
1306482
1307491
1303553
1306788
1307030
1308394
1305697
1303772
1303597
1304267
1308670
1305681
1300703
1302702
1301935
1307770
1300179
1303432
1305754
1305844
1308557
1305210
1304305
1301987
1301570
1308040
1305939
1300226
1306023
1306165
1305306
1300573
1307171
1301042
1303681
1304998
1308813
1300955
1304188
1301396
1302726
1307490
1301951
1302545
1305266
1300979
1305888
1307735
1303859
1307193
1306607
1303073
1305593
1306595
1304202
1308935
1304313
1308598
1300380
1308422
1305832
1301900
1302482
1305790
1300078
1308771
1301456
1308409
1307861
1308097
1300230
1303459
1300785
1308630
1306937
1303728
1304506
1302936
1300098
1306906
1303145
1307454
1300805
1308793
1300561
1305994
1304779
1308265
1300134
1304400
1304669
1306671
1307115
1305600
1301783
1303783
1300844
1306670
1302937
1308173
1302967
1306721
1304896
1301536
1304061
1302785
1308547
1305811
1301489
1306753
1307670
1300478
1307254
1306684
1303511
1300676
1304982
1303293
1306566
1308578
1305574
1305093
1305149
1302383
1302920
1302657
1306083
1308604
1300846
1301247
1308678
1305157
1306231
1303415
1305745
1307175
1306136
1301659
1307279
1301000
1303549
1306859
1301273
1307149
1306860
1301424
1302036
1303924
1306474
1300895
1307826
1307417
1300751
1304260
1305855
1301388
1301481
1300788
1303116
1308113
1303690
1308692
1305485
1307639
1308207
1305914
1301598
1308338
1301513
1300538
1307296
1308258
1307132
1307353
1304539
1304519
1304618
1303283
1304247
1301546
1301501
1307487
1306874
1300688
1304103
1300028
1306296
1303996
1307048
1306398
1302592
1308346
1307234
1305035
1300997
1306476
1304423
1302181
1302588
1307602
1307524
1301588
1305772
1300622
1305796
1302197
1305319
1307506
1301977
1304967
1305626
1307354
1300434
1300813
1301550
1307605
1300937
1301989
1307591
1303064
1307684
1306530
1308452
1308859
1308047
1303178
1300708
1303147
1303364
1301875
1305719
1308221
1302340
1308843
1304969
1305932
1308814
1305864
1304079
1302124
1305887
1306098
1303799
1305332
1307456
1303102
1306058
1302455
1305246
1301644
1306072
1306521
1302790
1305549
1302602
1300914
1304627
1302265
1308220
1304876
1303113
1301235
1303397
1303028
1302772
1301469
1301336
1307290
1302838
1308636
1302686
1306049
1303490
1303985
1300511
1302621
1303500
1308325
1301771
1302562
1307476
1308256
1300460
1307481
1301534
1305777
1302442
1305675
1307169
1300285
1302912
1302062
1306497
1303725
1303351
1304413
1308230
1308882
1303951
1304133
1307610
1305970
1305694
1306551
1301237
1303011
1305857
1303451
1303904
1306634
1303075
1302699
1302384
1304631
1302880
1306768
1306265
1307317
1303978
1304973
1308947
1308272
1307908
1306836
1301356
1306849
1304430
1305707
1307747
1303097
1300276
1304353
1303065
1307260
1302960
1300132
1301992
1303088
1304705
1304558
1305822
1305740
1300304
1300824
1302429
1308985
1304812
1307839
1302262
1300714
1305071
1306714
1306936
1303852
1305619
1307635
1301628
1308179
1305288
1301413
1305190
1301465
1301870
1307134
1304787
1303010
1301804
1307128
1300778
1300957
1304335
1300137
1307590
1308871
1301248
1300807
1308340
1304482
1308666
1308397
1308257
1303007
1303256
1308679
1306967
1307143
1302373
1307600
1302999
1302471
1305238
1302110
1305526
1301764
1304231
1300175
1304692
1306668
1301123
1303384
1308960
1300558
1305555
1307054
1303710
1305136
1308936
1307238
1304966
1304365
1303514
1300105
1307519
1304850
1307794
1300765
1308474
1304457
1304382
1304277
1301663
1301221
1302401
1302573
1303018
1307197
1300631
1307407
1300068
1308841
1306363
1304046
1308978
1302734
1301462
1303039
1308665
1304797
1305882
1304181
1300916
1307410
1305142
1307398
1302106
1308234
1306898
1302342
1300099
1302399
1300947
1302529
1307989
1307743
1308959
1308595
1305679
1306600
1303006
1300286
1305559
1308414
1308839
1306761
1304084
1303735
1307640
1304606
1305773
1305627
1307872
1308543
1301494
1304191
1302525
1305386
1305809
1300382
1302293
1307145
1304242
1308381
1308203
1304020
1300784
1301593
1306538
1304073
1301141
1306863
1302696
1308957
1301599
1308485
1303892
1301709
1302863
1304035
1307288
1304622
1303754
1302642
1307856
1305791
1301938
1308360
1307656
1306988
1306052
1307014
1308812
1306639
1305580
1304811
1304449
1301116
1308087
1308333
1302458
1305150
1308558
1305845
1301170
1301043
1304995
1306357
1305903
1300054
1303769
1302844
1308590
1301150
1306198
1305968
1301037
1307625
1308624
1307016
1303131
1300083
1300201
1306305
1306645
1300969
1308320
1305804
1308183
1306204
1305068
1304229
1302366
1302430
1302208
1308580
1301048
1304632
1303392
1305363
1301126
1301286
1303849
1302307
1304573
1304118
1302931
1303218
1301094
1302792
1306727
1305392
1308169
1306014
1308273
1300646
1306213
1303079
1307428
1302855
1308909
1308011
1303292
1304767
1303891
1301537
1307830
1308818
1302176
1308062
1308523
1306142
1306627
1305188
1307678
1301305
1302723
1305421
1303632
1301757
1302437
1308033
1308447
1306431
1301835
1303915
1302803
1303348
1306401
1301880
1304824
1308286
1308371
1307603
1301114
1302111
1306783
1307575
1305511
1308432
1307389
1308376
1308772
1306502
1301592
1302025
1308172
1304674
1301887
1306112
1302066
1302532
1306698
1306994
1302820
1307718
1307374
1307396
1308343
1306758
1307250
1303273
1303634
1302336
1308529
1303661
1304911
1300247
1305819
1303538
1308355
1303999
1302022
1302850
1303888
1301691
1306164
1304362
1306546
1302169
1303261
1300433
1308186
1303631
1306313
1306276
1304484
1303462
1304684
1300157
1302586
1306019
1307257
1305011
1301038
1305568
1300522
1301914
1304994
1300104
1304322
1307690
1306679
1307733
1301229
1307711
1303715
1308072
1308712
1303798
1306568
1301369
1300519
1306039
1300668
1303368
1301606
1305408
1306900
1303284
1300009
1300639
1301860
1308964
1303940
1301721
1302280
1300194
1304686
1302077
1308322
1301430
1301959
1303509
1305053
1302826
1308442
1300140
1307439
1306805
1302273
1305673
1305859
1302090
1306272
1302098
1300245
1305937
1302882
1303943
1300298
1301718
1300989
1308987
1300592
1302459
1301883
1305620
1303447
1304052
1306172
1307469
1301133
1304266
1306467
1303911
1307408
1307948
1300804
1306864
1305269
1301169
1300393
1305009
1306730
1306901
1306943
1300678
1307814
1308540
1305410
1305830
1306842
1305529
1305147
1301717
1302985
1308248
1301560
1302749
1306958
1308612
1303406
1308470
1303529
1307499
1304036
1307722
1308687
1307341
1307114
1303559
1305422
1300242
1308111
1307823
1303823
1304923
1303759
1307302
1306134
1308469
1300586
1306162
1302427
1305670
1304843
1301120
1302659
1307642
1308275
1301586
1308567
1302269
1300739
1306724
1307508
1301822
1306435
1301692
1307518
1303686
1308958
1306426
1301748
1306119
1304963
1302465
1302527
1301665
1306387
1304223
1304473
1301866
1303094
1303950
1302164
1307659
1302403
1308539
1306034
1306907
1304926
1306787
1300466
1308951
1304645
1302445
1303698
1307617
1305760
1308677
1303939
1306477
1302615
1302906
1301227
1308705
1306779
1304180
1304123
1300544
1300357
1300835
1304671
1306917
1307472
1302152
1304427
1303884
1307821
1305390
1303496
1302511
1303961
1304131
1304940
1308836
1301346
1308490
1308243
1307806
1308810
1300282
1302716
1303652
1305881
1300687
1305582
1303106
1306332
1305342
1302758
1301776
1304023
1302980
1305302
1305579
1301200
1300452
1303357
1305007
1302058
1308750
1300981
1300768
1308895
1302618
1307952
1300441
1307196
1306957
1300948
1307609
1302522
1308934
1301190
1305166
1305067
1304848
1307076
1308643
1302517
1308932
1303184
1305610
1300058
1300264
1307772
1305979
1304441
1307595
1308431
1306934
1307910
1300203
1301245
1308324
1304140
1302229
1304016
1303507
1304296
1302264
1306192
1308530
1303819
1300926
1305571
1306659
1305561
1305418
1308850
1303589
1308766
1306437
1306683
1305701
1304201
1307751
1300109
1306596
1301734
1304747
1307153
1307582
1303882
1307924
1306518
1300745
1301823
1304752
1301407
1300797
1300772
1303264
1302886
1304332
1300754
1303531
1304865
1305985
1300651
1307987
1302804
1306443
1308990
1300450
1305079
1302938
1308180
1304272
1301612
1304526
1307967
1303488
1307227
1306343
1306202
1302122
1300843
1300811
1304152
1308356
1303271
1306029
1307106
1305002
1303685
1308699
1305922
1305010
1305566
1300062
1300793
1306195
1308336
1308908
1300152
1302370
1301187
1306342
1305520
1303168
1300759
1300769
1301960
1301095
1302053
1302816
1305584
1307182
1301604
1303800
1306573
1308292
1303741
1302848
1302460
1300013
1304751
1304817
1308334
1301694
1308716
1306911
1304726
1304773
1301019
1308016
1302676
1301562
1308301
1300809
1303703
1303246
1307867
1302935
1308874
1301657
1308600
1305919
1306446
1302868
1307434
1308032
1308071
1304285
1305141
1300529
1306124
1302983
1302830
1304019
1301811
1300949
1305535
1306260
1303637
1304428
1303903
1303960
1300527
1301675
1308880
1308288
1307130
1306174
1301686
1302418
1305951
1301746
1302788
1305990
1306288
1300596
1304841
1302982
1308943
1304778
1305143
1308879
1307192
1302102
1308759
1304176
1306808
1304094
1308487
1303807
1303227
1301690
1300980
1305927
1300325
1301940
1306168
1307758
1302195
1304185
1308406
1306926
1307447
1303545
1303906
1302762
1304487
1308621
1303606
1304624
1306371
1306234
1301015
1301651
1300924
1302481
1308662
1304930
1302755
1300288
1304801
1303716
1303729
1305122
1300398
1303873
1303779
1307276
1301828
1306081
1302231
1307998
1304347
1305977
1302378
1302382
1307741
1303792
1302103
1307316
1306022
1305362
1307198
1307458
1301760
1306368
1307274
1302807
1301945
1304517
1307887
1302668
1308035
1306995
1306358
1308069
1303328
1303573
1307459
1308661
1300528
1300048
1307979
1308068
1308667
1302073
1302993
1305573
1302096
1303533
1305621
1300564
1302645
1301470
1305200
1308915
1301017
1308290
1300666
1308927
1301137
1305763
1307666
1302377
1302589
1300000
1300139
1305924
1301408
1301480
1305075
1305989
1305094
1301034
1305436
1308001
1303092
1306355
1307204
1302469
1301013
1300641
1308695
1305025
1301165
1301573
1306486
1300059
1300037
1302567
1306154
1300484
1304819
1302379
1301246
1300598
1307123
1306400
1305591
1308668
1306984
1303723
1306997
1304012
1304761
1307062
1301853
1307525
1305090
1305125
1306621
1307689
1304555
1302638
1303944
1307489
1307799
1302885
1308102
1304163
1302667
1304374
1304139
1302075
1306866
1307778
1303841
1307495
1301581
1306251
1304770
1308868
1304834
1300593
1305792
1305139
1304842
1307361
1306653
1302393
1305902
1300318
1305138
1303731
1302563
1300323
1303247
1301226
1307181
1308509
1307034
1304304
1306616
1301595
1300258
1306526
1300993
1303003
1305590
1304288
1304032
1302859
1307956
1303745
1303863
1300232
1307816
1305063
1308787
1306030
1308129
1307379
1305563
1302662
1300893
1307381
1302485
1302496
1301792
1301382
1304739
1304581
1300933
1304608
1302944
1300414
1301556
1307877
1307306
1307195
1307068
1304950
1307368
1305949
1300461
1308298
1306074
1308956
1305540
1306517
1304808
1308837
1304544
1308476
1305307
1301688
1306314
1302143
1303682
1307607
1302294
1305270
1306619
1307382
1305313
1301787
1303051
1306281
1304017
1306745
1308300
1300566
1305402
1304129
1306208
1302095
1307568
1307383
1306190
1307792
1300722
1300536
1301576
1303480
1302754
1303254
1306809
1300376
1300160
1304429
1308388
1307503
1307696
1308842
1305433
1305554
1307105
1305780
1304206
1305102
1302599
1305181
1306410
1302123
1300293
1303993
1308918
1300648
1303313
1301276
1305282
1306187
1303183
1303425
1304670
1302948
1303276
1307359
1303886
1307225
1306764
1308989
1305983
1303177
1304078
1301743
1304461
1304083
1301108
1308709
1302010
1300900
1304009
1302611
1300470
1304391
1307430
1308412
1307560
1300108
1300802
1302989
1306889
1306197
1300317
1306507
1308736
1303844
1308161
1301995
1303410
1306206
1304210
1300233
1308675
1305286
1301341
1306738
1305144
1308194
1303782
1302323
1303608
1300513
1307305
1300827
1306394
1306540
1304250
1302961
1305271
1305680
1307040
1307802
1307818
1305769
1302170
1304685
1306657
1301830
1302078
1308309
1307577
1305938
1303519
1307320
1301780
1307594
1303670
1300360
1307144
1308674
1302134
1301032
1307422
1303821
1307266
1304788
1307303
1304884
1306063
1305691
1304452
1301262
1308023
1303711
1303576
1307677
1303544
1304980
1302627
1307534
1307261
1300336
1303505
1300896
1304849
1305191
1305586
1304984
1306210
1302647
1305294
1300061
1306374
1301509
1300932
1302300
1302131
1302813
1308648
1305720
1306909
1305291
1300184
1306093
1308894
1305367
1302619
1308778
1300716
1308998
1308673
1305334
1302011
1308518
1308898
1307444
1300007
1302492
1300427
1306623
1301230
1302390
1300243
1302902
1304307
1308798
1308372
1305211
1307140
1306026
1304384
1307808
1304033
1303485
1307256
1300388
1304334
1301754
1301448
1300017
1302448
1307039
1307497
1306070
1305203
1308175
1305848
1303611
1306113
1303636
1305117
1303808
1301070
1300729
1302440
1305110
1304816
1305403
1303854
1304004
1304999
1308728
1308833
1300463
1307403
1306009
1302505
1303970
1302243
1307771
1301565
1303189
1301962
1304704
1306755
1302052
1307107
1307419
1308646
1308660
1305703
1302688
1301047
1303101
1301926
1301591
1304646
1301450
1305065
1302500
1302802
1307222
1305935
1301174
1308429
1301447
1305942
1308770
1307618
1300404
1308110
1308009
1300402
1308389
1304402
1300244
1305589
1306186
1307937
1303149
1300987
1302020
1307287
1301267
1305340
1301895
1308348
1306865
1301611
1305371
1300547
1303475
1305596
1301417
1303242
1306904
1306079
1303355
1305276
1304419
1304700
1302877
1302607
1300669
1306553
1307088
1308500
1308933
1306364
1306700
1305227
1303962
1306318
1302247
1301742
1301021
1308435
1304851
1307543
1306575
1302007
1307636
1305523
1304931
1303077
1306556
1303359
1300348
1302741
1300611
1304349
1302695
1300343
1306217
1300324
1305683
1306561
1307890
1300524
1307563
1307177
1304431
1306257
1304894
1301024
1302311
1307221
1304531
1302238
1306438
1302828
1306743
1306120
1305692
1307424
1306525
1302799
1308056
1304893
1304804
1305001
1308527
1302431
1300392
1307550
1301854
1307224
1308050
1300149
1308634
1308573
1306341
1301090
1308719
1300407
1300574
1308863
1306271
1302207
1305492
1300334
1308844
1308168
1301931
1301100
1306841
1303707
1307633
1303795
1308362
1300583
1300832
1308126
1304908
1305624
1308801
1304292
1301275
1306795
1307592
1301472
1307511
1305863
1305889
1302474
1305516
1303626
1304075
1302129
1303118
1300847
1308528
1300178
1303862
1307883
1304221
1301131
1300520
1303613
1307622
1307765
1304403
1303263
1305926
1308870
1308342
1308977
1304082
1308196
1302871
1308314
1307429
1302530
1305948
1306881
1306071
1306104
1305047
1307173
1302883
1307879
1307833
1302254
1305364
1306677
1302519
1303568
1308849
1304640
1306821
1308828
1308962
1303787
1301378
1304934
1308304
1300889
1304905
1300106
1307719
1302514
1302137
1301189
1307110
1303323
1303893
1301496
1306492
1306673
1305297
1305890
1308078
1301580
1305183
1307044
1305233
1302219
1300446
1307147
1300620
1304054
1308302
1302453
1300212
1306861
1307164
1301635
1301293
1300632
1306406
1302039
1306266
1306459
1305324
1301806
1300177
1304899
1304195
1308133
1305519
1301785
1307009
1303987
1301755
1308629
1304877
1305180
1305852
1304476
1308561
1301319
1307886
1305412
1307634
1302798
1308224
1300477
1308017
1300174
1304319
1302548
1308569
1308000
1306302
1301502
1300314
1306373
1306814
1300789
1305630
1302044
1300206
1302327
1301106
1300803
1308623
1302328
1306274
1304447
1301266
1308250
1300681
1305522
1306938
1304602
1307075
1305546
1307784
1306718
1307209
1303651
1305959
1304463
1302396
1302616
1305293
1301543
1305153
1301132
1305399
1306823
1302580
1306123
1308479
1300227
1305910
1307706
1306159
1303169
1302230
1308002
1303013
1301886
1308137
1300027
1302155
1305543
1308264
1307854
1301392
1300046
1307277
1303586
1307828
1302444
1300171
1305441
1300704
1303878
1306133
1301062
1302433
1306160
1302722
1306964
1304198
1303664
1300448
1304261
1300447
1307517
1302581
1300817
1305966
1306968
1300176
1305962
1301836
1303181
1302112
1308393
1308146
1304861
1301724
1308593
1308206
1306181
1307922
1301999
1301909
1304026
1306106
1303052
1306843
1300635
1307906
1304426
1300341
1308617
1306512
1306711
1303352
1307338
1301637
1306131
1302541
1303443
1307981
1307761
1305870
1306135
1305693
1302419
1301514
1306840
1306880
1301113
1304583
1305952
1304731
1305353
1302810
1300072
1302417
1302316
1306790
1306820
1308065
1308463
1300902
1306631
1308359
1306982
1302449
1308401
1302646
1302821
1306763
1307060
1300228
1300572
1301385
1303552
1303520
1307788
1304803
1304460
1305753
1308533
1308876
1307915
1305215
1306040
1300354
1305027
1307295
1308734
1306914
1303845
1302486
1303129
1306173
1307583
1302092
1307024
1308212
1301425
1307647
1301600
1300486
1308464
1301777
1300182
1304142
1303876
1306567
1308121
1306953
1306535
1305168
1300551
1302141
1300349
1302684
1303111
1308816
1301154
1308057
1308493
1308642
1305782
1306188
1308227
1306552
1302061
1300355
1306018
1300548
1302815
1302064
1307363
1301217
1308888
1302080
1305113
1307876
1307043
1302250
1303666
1307725
1300479
1302441
1302890
1308703
1303607
1304711
1304074
1303513
1307923
1301444
1305992
1305856
1300196
1306922
1300674
1301527
1303031
1308423
1301782
1304135
1301705
1304344
1307880
1301540
1301985
1307992
1308587
1304590
1305560
1304381
1306214
1306554
1301507
1308919
1305167
1306734
1305581
1304885
1305483
1300490
1302597
1306012
1301175
1306156
1304475
1306667
1301337
1302387
1302777
1302343
1304508
1301969
1301687
1301759
1308213
1308974
1303487
1306941
1306742
1300101
1305964
1301696
1308795
1303421
1306664
1305633
1303244
1304695
1301919
1307965
1301421
1308226
1304691
1305023
1307482
1306590
1307362
1300654
1307367
1303411
1306077
1303081
1308506
1302901
1305228
1304527
1301082
1305913
1304472
1308585
1302030
1300780
1302072
1301747
1308563
1302845
1301799
1308427
1301441
1306285
1300191
1306818
1305448
1303720
1305655
1306108
1301486
1307551
1305991
1305048
1308659
1307611
1306038
1304209
1306489
1303991
1305813
1302237
1304170
1302094
1301603
1307559
1302173
1304688
1307103
1306852
1300707
1302770
1305411
1303482
1307019
1304603
1306756
1306129
1307229
1300076
1301151
1302978
1306451
1300825
1306986
1308455
1304141
1307544
1306289
1303628
1306149
1300090
1308006
1305660
1304853
1302609
1302149
1306404
1302189
1305702
1305749
1308135
1300698
1307493
1306140
1305739
1306388
1306230
1306580
1301674
1302468
1306411
1305034
1304776
1300940
1305388
1308119
1304470
1303339
1300748
1303059
1306773
1308501
1301130
1308385
1308611
1306771
1301057
1307940
1307179
1304626
1302673
1306527
1304320
1303403
1301004
1300814
1305252
1300361
1305843
1306409
1307593
1302869
1305824
1306085
1307714
1305057
1302969
1306954
1300628
1304947
1300928
1307540
1300337
1307851
1302476
1302004
1304672
1308241
1305690
1305884
1304564
1305242
1301339
1305539
1302324
1301251
1304005
1306212
1304864
1304434
1306055
1306256
1308456
1303252
1306232
1304859
1308896
1306473
1307369
1303478
1304505
1307218
1305771
1306762
1301523
1302055
1305532
1304880
1306344
1306203
1307247
1308357
1305806
1308848
1305033
1305249
1308291
1303141
1305043
1308216
1305608
1306132
1301978
1306615
1304312
1307945
1307888
1304836
1305934
1300579
1306996
1307724
1306947
1306876
1300647
1301558
1306985
1305825
1306259
1308854
1306655
1305869
1307767
1304748
1302002
1306178
1304562
1308339
1308784
1306979
1301349
1302732
1308148
1304906
1308790
1305295
1305955
1305347
1302881
1307248
1308139
1306650
1301219
1306612
1300923
1305738
1304002
1300241
1308802
1305894
1303717
1306396
1308120
1308439
1301506
1306073
1307092
1305527
1301136
1308856
1307918
1307215
1304635
1302394
1302088
1305928
1307676
1306543
1302405
1305184
1302631
1305223
1305446
1308419
1302362
1307249
1301184
1300919
1301770
1302697
1302625
1302292
1304117
1305541
1300255
1302655
1302578
1300961
1300016
1300667
1306408
1307436
1307406
1300951
1303621
1306317
1307485
1304276
1302637
1307017
1301672
1302576
1302518
1308380
1306549
1307160
1308713
1307973
1305470
1303198
1302069
1307857
1301112
1307401
1304006
1305634
1306481
1307364
1306578
1307421
1300309
1307669
1307404
1300426
1308042
1305489
1306097
1305463
1300795
1301842
1307465
1306287
1306862
1304897
1304066
1304101
1306091
1305841
1304067
1301398
1306227
1303850
1301917
1303374
1303329
1302561
1307371
1308512
1307170
1308889
1304450
1307807
1300534
1304596
1304398
1308994
1300871
1307245
1302577
1303497
1308714
1300570
1300375
1302211
1304011
1308597
1300421
1308449
1306886
1308458
1301127
1300587
1304769
1306605
1300771
1300936
1303290
1305781
1308576
1305112
1306100
1305969
1304246
1308999
1308136
1305800
1301146
1307125
1302470
1306536
1301979
1306306
1304390
1305058
1305971
1304392
1301191
1303127
1306323
1301646
1304488
1307070
1307623
1302352
1308913
1306713
1307272
1305609
1308354
1308952
1307720
1305904
1305515
1303874
1306581
1302490
1304422
1302304
1305509
1306506
1302766
1301726
1300047
1302179
1302133
1301259
1303609
1300292
1305473
1308366
1303452
1306867
1307902
1307112
1300518
1305842
1304468
1308824
1307032
1305103
1306902
1306245
1305865
1305911
1300231
1308142
1300015
1304714
1303019
1307750
1308574
1306250
1306835
1308869
1305341
1306609
1303155
1305209
1300300
1306570
1304839
1306236
1308551
1301081
1303542
1307805
1308330
1304805
1308799
1301220
1306837
1308946
1307292
1300738
1303789
1308550
1304917
1302603
1306494
1304132
1305496
1306087
1307420
1301045
1300444
1303667
1308819
1302861
1302413
1308080
1307387
1303332
1302395
1305346
1308726
1306908
1306831
1308589
1307756
1300440
1308446
1306339
1308403
1300858
1302671
1300683
1308746
1305205
1307294
1308166
1301794
1306701
1302680
1301655
1307457
1307399
1302404
1304352
1308822
1306800
1307766
1305345
1308891
1302907
1305909
1308821
1308252
1301213
1300878
1308689
1306189
1306610
1308118
1306678
1306033
1308029
1308030
1300199
1303778
1303215
1308155
1307375
1302368
1300113
1304480
1300327
1303315
1307783
1307498
1303762
1302773
1304521
1304644
1300094
1307332
1301712
1306928
1301001
1308076
1300333
1305052
1307425
1308926
1306176
1305933
1308098
1308971
1306728
1300144
1306487
1300506
1304165
1307466
1307005
1306496
1302196
1303477
1308197
1302598
1303983
1307538
1304000
1308086
1308970
1302572
1300909
1308976
1304120
1303811
1308745
1306826
1307188
1305583
1308499
1303870
1306775
1306972
1308986
1307020
1303528
1304155
1307512
1308651
1305963
1301050
1307530
1308568
1301490
1300854
1307101
1305456
1301728
1306478
1304783
1307573
1303675
1307200
1304167
1304245
1303484
1301075
1304462
1303207
1307326
1300840
1300147
1301966
1300656
1304192
1304900
1304355
1301406
1303662
1306980
1305603
1307744
1306888
1300107
1302409
1305606
1307895
1307628
1307934
1305490
1300351
1305997
1306043
1308280
1308293
1303872
1308744
1307927
1302873
1308531
1307565
1301443
1304456
1305803
1306987
1304337
1307709
1307990
1303151
1301587
1302582
1301851
1304161
1302971
1300971
1304619
1306415
1308984
1308749
1303370
1308840
1307018
1303076
1300287
1303376
1306807
1305995
1307178
1306254
1307139
1307348
1306822
1304295
1300476
1308255
1301849
1307102
1306391
1308779
1300020
1302386
1301460
1304577
1304993
1305019
1306359
1300585
1307427
1302013
1308244
1302333
1308306
1308083
1301173
1302140
1305480
1300436
1301202
1300875
1307460
1301816
1302806
1306413
1308711
1300409
1304985
1307687
1305961
1307648
1306297
1300839
1307869
1305299
1304959
1300589
1308579
1306510
1306892
1307449
1308318
1306560
1302270
1302076
1303291
1305026
1308753
1305866
1306879
1302198
1308202
1301894
1308740
1306292
1306207
1306003
1307012
1308488
1303747
1307394
1304356
1305407
1301419
1302707
1302220
1304878
1308855
1306832
1306278
1301366
1307658
1306299
1308484
1306061
1307331
1306078
1301147
1307900
1308201
1307567
1302099
1304407
1303069
1306508
1302348
1303493
1301371
1308702
1303920
1306067
1307037
1301046
1303340
1304730
1301140
1302151
1308502
1305450
1307133
1305972
1308162
1303557
1302595
1301333
1305372
1306349
1303927
1300142
1307578
1307323
1307126
1306715
1305945
1307360
1306017
1303223
1300737
1300607
1305828
1307822
1307496
1304901
1305425
1306555
1300418
1302426
1307099
1301846
1303797
1306333
1303307
1308112
1307884
1308981
1308730
1308475
1308132
1308739
1307928
1301865
1306211
1306340
1301294
1303217
1307273
1305807
1303379
1302503
1308890
1301280
1304569
1305696
1304121
1306929
1306660
1304976
1301911
1308899
1307189
1308725
1303784
1303187
1307991
1307183
1306794
1305931
1308930
1306559
1306942
1302832
1301769
1306539
1301145
1308278
1302757
1304080
1300868
1301181
1306375
1306248
1306719
1301617
1300347
1307336
1307315
1301199
1305284
1308694
1307233
1307561
1308153
1307997
1306935
1307688
1304935
1306153
1306335
1301820
1307172
1306992
1307286
1308498
1307638
1308521
1300214
1305996
1308555
1307418
1306442
1300163
1307223
1305322
1306847
1304652
1308331
1307007
1307049
1302959
1303350
1302681
1308099
1307352
1303098
1306524
1306319
1307137
1306716
1307176
1306345
1308897
1300912
1306732
1300746
1302042
1305978
1300747
1306723
1307960
1306379
1301874
1308938
1302157
1308274
1308048
1306736
1307239
1306224
1305744
1306421
1301006
1301014
1308950
1305886
1307899
1303677
1306060
1307630
1308327
1307507
1308722
1301557
1306493
1300365
1305976
1303159
1307527
1307270
1300905
1303571
1306894
1307001
1308187
1306669
1308873
1307036
1308605
1305779
1308680
1307632
