1305902
1300245
1303025
1300122
1301253
1300159
1300834
1302744
1302619
1303426
1304505
1301982
1300767
1301520
1301312
1300213
1305291
1305259
1302195
1301283
1301945
1302949
1305033
1301557
1303702
1304647
1300935
1303310
1300102
1300694
1302385
1301743
1304712
1303890
1304082
1300904
1304747
1302577
1304829
1300541
1303473
1303676
1304549
1303180
1305123
1301256
1302330
1301454
1302805
1300312
1302325
1303276
1300972
1303745
1302663
1305509
1301373
1305982
1304637
1302797
1305800
1305941
1301190
1304055
1301412
1302025
1303191
1305751
1303228
1303105
1302047
1302913
1303707
1304762
1300999
1301350
1305524
1303976
1301661
1303056
1303206
1302963
1304737
1301211
1302910
1300511
1304734
1303863
1301885
1303260
1303901
1303115
1303979
1304960
1304423
1300781
1303323
1305345
1302298
1301327
1302433
1301496
1303742
1301372
1300066
1301106
1300547
1304459
1303945
1300239
1300243
1303621
1302786
1300893
1300728
1302680
1301751
1302836
1302172
1300937
1302321
1301681
1305975
1301007
1300812
1303844
1305842
1301314
1302553
1302257
1303020
1301363
1303909
1305373
1303966
1303680
1305388
1304575
1304641
1304584
1300574
1302954
1300191
1304690
1304794
1300640
1302594
1305034
1304355
1300949
1302301
1301455
1302007
1305749
1303786
1302669
1300445
1303688
1305876
1300886
1304141
1302756
1304167
1301638
1300389
1301460
1305892
1303799
1301208
1302217
1301225
1302338
1301785
1301422
1305952
1300295
1302633
1302080
1304583
1300559
1304221
1304237
1300240
1300368
1303092
1305260
1302682
1305729
1304856
1302574
1301104
1304703
1304594
1303683
1305103
1300255
1301779
1300544
1300100
1303440
1305887
1303609
1303795
1301021
1300088
1302911
1302614
1300190
1302959
1304190
1300654
1303642
1301374
1304938
1301628
1302193
1301092
1304597
1302546
1303391
1303838
1300780
1300117
1304369
1303214
1301717
1302760
1305080
1301763
1304753
1302700
1305787
1301386
1301301
1302256
1305507
1300517
1300273
1300174
1304766
1300465
1303716
1300235
1305893
1301062
1302581
1302326
1300155
1300592
1303297
1301055
1300786
1301538
1301867
1300882
1301115
1303604
1300810
1303428
1304467
1301045
1305362
1303390
1300879
1300079
1300244
1304381
1304409
1301308
1304209
1305465
1301179
1302952
1303956
1302532
1304729
1304841
1301200
1301398
1301892
1302493
1300807
1305111
1302348
1303843
1302110
1300028
1305573
1301197
1300365
1300534
1300941
1305715
1305563
1300183
1302989
1302252
1301993
1303622
1303151
1300617
1300254
1300901
1305215
1302322
1303107
1301761
1301332
1302101
1305936
1304905
1305521
1302508
1304599
1302423
1304399
1301742
1301484
1301018
1304211
1303983
1300579
1300783
1301228
1305383
1305172
1304015
1300924
1301320
1300074
1300277
1300413
1305883
1300342
1303396
1305754
1302968
1300287
1303907
1301019
1304649
1304603
1303685
1301255
1305564
1305598
1305477
1303002
1301533
1305235
1300196
1301654
1303165
1300161
1304044
1304120
1305771
1304688
1303572
1300362
1305315
1300681
1304774
1304338
1303271
1300230
1300402
1300274
1303018
1301131
1300316
1304569
1302081
1305265
1300282
1301187
1300760
1300010
1301917
1302922
1301632
1305000
1302933
1300739
1305455
1301685
1305104
1302074
1305368
1303305
1302070
1303729
1300076
1301409
1303780
1303355
1303116
1300583
1301122
1300631
1300412
1301028
1300599
1304107
1302789
1301891
1303670
1302021
1300687
1301002
1304135
1302706
1304827
1300899
1300734
1304168
1305230
1304323
1301570
1301965
1301479
1302838
1304375
1301818
1305948
1301623
1301998
1305502
1300068
1305399
1300095
1304227
1303919
1303935
1300933
1305605
1304735
1305102
1300422
1303265
1300680
1302713
1305830
1300288
1305492
1301295
1305032
1304915
1302459
1300891
1301231
1302529
1304493
1302059
1300271
1305210
1300641
1302151
1301399
1300110
1305823
1302802
1301428
1304097
1305280
1302364
1305051
1300251
1304387
1304679
1305433
1300696
1302859
1301151
1301768
1301622
1300407
1301229
1303794
1300862
1303923
1301843
1301084
1305238
1301112
1303123
1305856
1300112
1305015
1303633
1305330
1304125
1304820
1300299
1305158
1305891
1300545
1304610
1302187
1304536
1300032
1303527
1304032
1301787
1300355
1305074
1303041
1301909
1305743
1304821
1304022
1300184
1300078
1304319
1302029
1300710
1301664
1303952
1300372
1301599
1301214
1300143
1302033
1302428
1304706
1301195
1305154
1300280
1300433
1300439
1305793
1304294
1300939
1302213
1300794
1300414
1304743
1305821
1304667
1300829
1303961
1305120
1305671
1302303
1305137
1305150
1300744
1303000
1300019
1305276
1303589
1300031
1302829
1301774
1300156
1301585
1302058
1301781
1302526
1302275
1304124
1300234
1303955
1301261
1300305
1300814
1303627
1303049
1301855
1305615
1301147
1302767
1304765
1301123
1302417
1303091
1303885
1301625
1304242
1301319
1305482
1300504
1300507
1302858
1300404
1304853
1302919
1301760
1303916
1303826
1300983
1300495
1302324
1300218
1302391
1304390
1305121
1303787
1305553
1300098
1305059
1302695
1300736
1301076
1305580
1301596
1301044
1301895
1302503
1302109
1304797
1305075
1302685
1302139
1303722
1303080
1304334
1302957
1300429
1300419
1302337
1304935
1305937
1305343
1303266
1305653
1305299
1301239
1302495
1300303
1305994
1300134
1303400
1300925
1305756
1302536
1301851
1304429
1301118
1303953
1301139
1304370
1302662
1300067
1300976
1302147
1303243
1305760
1301494
1300690
1304600
1302227
1304554
1305567
1300227
1303601
1302171
1304191
1301575
1303235
1302450
1302207
1301803
1304609
1305748
1304228
1305865
1301083
1303811
1301629
1305864
1301713
1300957
1300178
1300716
1304038
1301920
1305359
1305408
1302206
1304810
1301780
1302462
1302835
1304122
1301648
1301747
1301569
1304949
1301298
1302657
1304879
1301285
1301352
1300206
1300265
1302751
1303483
1302271
1300399
1300456
1300799
1304002
1301986
1300796
1303264
1305531
1303448
1303045
1300094
1300291
1304824
1304198
1303389
1300425
1301167
1303454
1305246
1300770
1303127
1303381
1304077
1304291
1301333
1303361
1302194
1304337
1301741
1305805
1305157
1300259
1303459
1303721
1303500
1304619
1302219
1300012
1300691
1300173
1305166
1303920
1302575
1300037
1301169
1304800
1301643
1304628
1300300
1304912
1300348
1304040
1304260
1301144
1301603
1300175
1300063
1303475
1300285
1303808
1303736
1304858
1300565
1304639
1302141
1301217
1305981
1302656
1303447
1305709
1305527
1301556
1301663
1303684
1304178
1305283
1305321
1301899
1300081
1301294
1305193
1305143
1304860
1300604
1304738
1304484
1301089
1301427
1305295
1305696
1301359
1301057
1300905
1305427
1300735
1301822
1303337
1300979
1305733
1305775
1302781
1302466
1304004
1303245
1305979
1301184
1304676
1300958
1304750
1304648
1305199
1303302
1303399
1305395
1301637
1303649
1304741
1302121
1303485
1304068
1303450
1303782
1301048
1303616
1304975
1304379
1302687
1305386
1304346
1301990
1304473
1303880
1300450
1304531
1304674
1301726
1300754
1301491
1304953
1302073
1304299
1301353
1303712
1302112
1305227
1303578
1304957
1302562
1305337
1305267
1305575
1302229
1301138
1305066
1301145
1305323
1301014
1303518
1305969
1305669
1300816
1300491
1300646
1305422
1300815
1305617
1302404
1301854
1305188
1300723
1302897
1301161
1304571
1305190
1301731
1304162
1303809
1303119
1304675
1300142
1303958
1301762
1300039
1302044
1303263
1305692
1304998
1304358
1302734
1301898
1304316
1302134
1305140
1303336
1300336
1300171
1300516
1305189
1301259
1304394
1301797
1304398
1303163
1300572
1302942
1302413
1302352
1305415
1304686
1304406
1302505
1304466
1303371
1302310
1302714
1300038
1302376
1305506
1302845
1303988
1301611
1305173
1304694
1304439
1305114
1301309
1302300
1304731
1302296
1304021
1303142
1305561
1305017
1303149
1304056
1303288
1303016
1302664
1304618
1303201
1302005
1305440
1301006
1300532
1304288
1303986
1304183
1302634
1301662
1305144
1304252
1300603
1301113
1305855
1304136
1302946
1300869
1305107
1301858
1304363
1301038
1305583
1302308
1301864
1303138
1301830
1302514
1305819
1302407
1301805
1304811
1302046
1300383
1304866
1300683
1301040
1303157
1300872
1302424
1304089
1302941
1302251
1303779
1305747
1303015
1300805
1302286
1305288
1300380
1302118
1300857
1305675
1304437
1305139
1304696
1305532
1303749
1305483
1303671
1305839
1303441
1303182
1301740
1300952
1303101
1300644
1300301
1303472
1301959
1304321
1301745
1304997
1304732
1302984
1305226
1300002
1305200
1304051
1305828
1302757
1301223
1301725
1303611
1301809
1304539
1300555
1304668
1302198
1303189
1300157
1300258
1302447
1303564
1303691
1304458
1301571
1300427
1301773
1302264
1300635
1305385
1305978
1304942
1304507
1304890
1300311
1304374
1305208
1303087
1300452
1301933
1303272
1303223
1302540
1303172
1301282
1300064
1305119
1304455
1300169
1301343
1300041
1304634
1300689
1303898
1304570
1303875
1304200
1304430
1302720
1304947
1304754
1303828
1301617
1305084
1305192
1302132
1304305
1304293
1300883
1301224
1300221
1301451
1300163
1301987
1300742
1305063
1303877
1302810
1303682
1300164
1301338
1303351
1303063
1305217
1300405
1305461
1304542
1305628
1302453
1302126
1305845
1300684
1300995
1303781
1305641
1303892
1304718
1305708
1300438
1302834
1304745
1304798
1302226
1301183
1300357
1300860
1300231
1305105
1304277
1300578
1304218
1300679
1302518
1301027
1301502
1304661
1304792
1302196
1302052
1300587
1300424
1304868
1305649
1300920
1303187
1302573
1304347
1304843
1304366
1305310
1302997
1305914
1300719
1302775
1305853
1304528
1305895
1305569
1305764
1301976
1300133
1300866
1302883
1300536
1304832
1305827
1300386
1305761
1300660
1300838
1304509
1305413
1301619
1302461
1303878
1303981
1300840
1302078
1305162
1304574
1300618
1300015
1303571
1302349
1304462
1302049
1304562
1300416
1301097
1303763
1302932
1304276
1303338
1303239
1301247
1304014
1303507
1303993
1300658
1304234
1305389
1305824
1303062
1305360
1305488
1305333
1302841
1300852
1302769
1300126
1302992
1302138
1300324
1300451
1301888
1304911
1305410
1304900
1302747
1300945
1305776
1304698
1302504
1302856
1302874
1302260
1301315
1305472
1300602
1302907
1301004
1301209
1300788
1300889
1301833
1302507
1302119
1303756
1303665
1300521
1303947
1302231
1300462
1303864
1302537
1305683
1305552
1302153
1302333
1301172
1302294
1304622
1301583
1301091
1300965
1300740
1305814
1302181
1301577
1304714
1300820
1300310
1300477
1303174
1301695
1301981
1305138
1300615
1305723
1301483
1301474
1304182
1302449
1304478
1301262
1300553
1305365
1305546
1304142
1303573
1301613
1301815
1300069
1303484
1303657
1301783
1303697
1300115
1303295
1302000
1304208
1305848
1300971
1301647
1304746
1303299
1301846
1304231
1301321
1302111
1301529
1303771
1305462
1302416
1300021
1301160
1301433
1301735
1301719
1305016
1303860
1305303
1305387
1301736
1304672
1303039
1300795
1303362
1303033
1301997
1300132
1302500
1301111
1302585
1301307
1301524
1302929
1300959
1305572
1304656
1305835
1304003
1304851
1300778
1303471
1304530
1305254
1303382
1305085
1302444
1305847
1304775
1301248
1300278
1300471
1301786
1302843
1301754
1302799
1301450
1302591
1301749
1304287
1303136
1301152
1303937
1304654
1303133
1300061
1304883
1301727
1300195
1302011
1302602
1302309
1304815
1301220
1301755
1302549
1301627
1305673
1300638
1305202
1301666
1304922
1300630
1300611
1305811
1302030
1304361
1301182
1301297
1301716
1304758
1302415
1304617
1303313
1300318
1305003
1302923
1302474
1301794
1301296
1302832
1301068
1305013
1304448
1300843
1300946
1305036
1302142
1300508
1305318
1300984
1303914
1302035
1302830
1304678
1305983
1300708
1305888
1304086
1304395
1304645
1300262
1304105
1305302
1305935
1302522
1300530
1302854
1300998
1305852
1304094
1303574
1302650
1300246
1302006
1304251
1301674
1305577
1301356
1302863
1304128
1303476
1304418
1302489
1305810
1301033
1304631
1302327
1305803
1304396
1305689
1305807
1301848
1301024
1305327
1303661
1304787
1303521
1303412
1300106
1301706
1302432
1304782
1303434
1302600
1301688
1300842
1305602
1302560
1300411
1301962
1303335
1301078
1304421
1305972
1303300
1302032
1302515
1304882
1301905
1305490
1300927
1305929
1305436
1300092
1302649
1301975
1300352
1302629
1302131
1302921
1304555
1302548
1301527
1301963
1303666
1303625
1305889
1304112
1305501
1301116
1302346
1302534
1303346
1300210
1300260
1301687
1302228
1302961
1305332
1301085
1304636
1305087
1302979
1305967
1303467
1302516
1300776
1303225
1301446
1302339
1300686
1305545
1302403
1303998
1301950
1305797
1305245
1300655
1300809
1305962
1304345
1304132
1303740
1301541
1304001
1305736
1302223
1305237
1302341
1301154
1302885
1305428
1303984
1304254
1304225
1302278
1300648
1305559
1302259
1302982
1300836
1303655
1302636
1301249
1300884
1304212
1303628
1305352
1301678
1304973
1300440
1302584
1305666
1305393
1304682
1302064
1305412
1305905
1300850
1302627
1303871
1301100
1305990
1301671
1301039
1302642
1304566
1304589
1303540
1303908
1305129
1300027
1305566
1302127
1300873
1301995
1305301
1302800
1300082
1303512
1303711
1302902
1302396
1303656
1302106
1300551
1301415
1303855
1300666
1305918
1304836
1302909
1301125
1304516
1305661
1301552
1301659
1303068
1302097
1303028
1300743
1300478
1302261
1305420
1301395
1300286
1305629
1301342
1300590
1302463
1300914
1302608
1302188
1305806
1300008
1301370
1303430
1301047
1302791
1301129
1305429
1304848
1302363
1300968
1304969
1301043
1301510
1305391
1302718
1303759
1303946
1301156
1302055
1302683
1302894
1305550
1302502
1300339
1303328
1303176
1301973
1300144
1301291
1301994
1305064
1300351
1301174
1301417
1300637
1304984
1304590
1300096
1304416
1300137
1303758
1302320
1303547
1302675
1305779
1303619
1300379
1303613
1301506
1301436
1305536
1304974
1302016
1303544
1301065
1302197
1303994
1302482
1303141
1304041
1305813
1301216
1302343
1303615
1303968
1302717
1305879
1300978
1300166
1305277
1305778
1304502
1305908
1300570
1304725
1302155
1301458
1301098
1301240
1301927
1301946
1304662
1301640
1303108
1301708
1300302
1300364
1300101
1301789
1304685
1304995
1300514
1300226
1304177
1303849
1301418
1302367
1304049
1302328
1302654
1304604
1302351
1300628
1304700
1304557
1301281
1303222
1302778
1303406
1300111
1305294
1302113
1302258
1304134
1301171
1302556
1304869
1300588
1305055
1300718
1303369
1301390
1304194
1305406
1302640
1303317
1301563
1303374
1303021
1303546
1300275
1300105
1301251
1305631
1301704
1305623
1301862
1302496
1305183
1305684
1304717
1303891
1304206
1302635
1301641
1301236
1304322
1303886
1301814
1305108
1303577
1300669
1300664
1301897
1302167
1304720
1301866
1305996
1301176
1300186
1301653
1302050
1304302
1302692
1305516
1304838
1304007
1302269
1303996
1300808
1303137
1303738
1302607
1302901
1305127
1302852
1300600
1300542
1304264
1305685
1303970
1302691
1302454
1304923
1302313
1301286
1302877
1302371
1304739
1300540
1300707
1304096
1300089
1303202
1303723
1301257
1303089
1303790
1300056
1301514
1303499
1304715
1304573
1301884
1300488
1300916
1302587
1300279
1304504
1304420
1301737
1304143
1302985
1302248
1302869
1300335
1301791
1302250
1302501
1300765
1305966
1303648
1303765
1303196
1302268
1304356
1304722
1302182
1301490
1303876
1302497
1304529
1303910
1300083
1305554
1302837
1305076
1304898
1302232
1302179
1305405
1302478
1301829
1305616
1300172
1300224
1301293
1305475
1302539
1303493
1302414
1302306
1300701
1304100
1300400
1300409
1300732
1305579
1300313
1300205
1302912
1305940
1301968
1305770
1303053
1301242
1305053
1302784
1302551
1300146
1303833
1302814
1301532
1304037
1305356
1301799
1303569
1301817
1303529
1300992
1302230
1300720
1302639
1305047
1302170
1304684
1302426
1304205
1302547
1305725
1301143
1304327
1300991
1303924
1302202
1300180
1300194
1303879
1303084
1303508
1300531
1300975
1301316
1301992
1303071
1305799
1302200
1301605
1301340
1305205
1305949
1300393
1303262
1300035
1300906
1301114
1302862
1302460
1305614
1301804
1304034
1300769
1304033
1300982
1301466
1300373
1304989
1305991
1304704
1301465
1300727
1302739
1305739
1304307
1300468
1300441
1301341
1304818
1305808
1302659
1304966
1304104
1303522
1300492
1301778
1303478
1305699
1302107
1300938
1301985
1304519
1302164
1300498
1303077
1302457
1301472
1303542
1303550
1301869
1305535
1301336
1302927
1301141
1304470
1304681
1304006
1300486
1302149
1303905
1304823
1302918
1305464
1305526
1301535
1305241
1301426
1302861
1302583
1301181
1303194
1300595
1300329
1300306
1304246
1300293
1300672
1303498
1303829
1303156
1303971
1303978
1303287
1301288
1301606
1304640
1301158
1303825
1302002
1305913
1303140
1304956
1304016
1303076
1303989
1305609
1300756
1304927
1303842
1303930
1300228
1304673
1301558
1302592
1305515
1300454
1301245
1305907
1301954
1303152
1302865
1300525
1305083
1301868
1303418
1304035
1301058
1302390
1305951
1300966
1303017
1300150
1302481
1300055
1301166
1304193
1300513
1301528
1302879
1302870
1303719
1301906
1303067
1305512
1302742
1302054
1302920
1302429
1303023
1301522
1301108
1300073
1302819
1302201
1301032
1301844
1301031
1303432
1303065
1300647
1303278
1302808
1305417
1302323
1303754
1305794
1305403
1300865
1301956
1304596
1300281
1305274
1302302
1305530
1305168
1300811
1303606
1301871
1304761
1304149
1302389
1300887
1301827
1303170
1300036
1302079
1305825
1304503
1302741
1304535
1302244
1301005
1305922
1304932
1303290
1303884
1305180
1301337
1305146
1302872
1302019
1302758
1302658
1302679
1300139
1303034
1303236
1302467
1302018
1302240
1301063
1300867
1301853
1300598
1304435
1301051
1301820
1303523
1305838
1303095
1300176
1300359
1305061
1304175
1300436
1301904
1302661
1305078
1303318
1300626
1305467
1301565
1304522
1305837
1302150
1305152
1300585
1304362
1300264
1302541
1302928
1301669
1300376
1300764
1303009
1303610
1305638
1300330
1304934
1303791
1300733
1300961
1305355
1303857
1302787
1300947
1302638
1304993
1300392
1302445
1301646
1301260
1302498
1305588
1301612
1304261
1304845
1300410
1302759
1304290
1305325
1300515
1300443
1304320
1300062
1301777
1305308
1301194
1304837
1305752
1302334
1301485
1302557
1300045
1305070
1304060
1301567
1304913
1300861
1305293
1303120
1302809
1300870
1304145
1303733
1300848
1305943
1302715
1305560
1305495
1302820
1304650
1305155
1301066
1301362
1305239
1300080
1304220
1304543
1302062
1304846
1303987
1303167
1302764
1302686
1305522
1301579
1300580
1305833
1300426
1300057
1304064
1302842
1304371
1302419
1305201
1302761
1302934
1303481
1301840
1301241
1304564
1303502
1302031
1305691
1303532
1304716
1302701
1302925
1302263
1300337
1300902
1301554
1300903
1302190
1302001
1300140
1302688
1302533
1302148
1305954
1303099
1301896
1304976
1305610
1303171
1304059
1303333
1305668
1304477
1304546
1302360
1305320
1303641
1305435
1304043
1300396
1300835
1305721
1303417
1302434
1301244
1301739
1300334
1302677
1302568
1303257
1300678
1303375
1302937
1305722
1301655
1302975
1303433
1302889
1305518
1304816
1302267
1303050
1305018
1301445
1300900
1301807
1301036
1303037
1300304
1303035
1301339
1303109
1305926
1300162
1301146
1301837
1305151
1304558
1300750
1302850
1301935
1303455
1301404
1304701
1302061
1300705
1304426
1300854
1303918
1301882
1300182
1303083
1300046
1305958
1300668
1301345
1301650
1301614
1301734
1305449
1304076
1305354
1302165
1302561
1301712
1303503
1301633
1301099
1301379
1300418
1300577
1300556
1304632
1301405
1300930
1302475
1302469
1301387
1300730
1304855
1305216
1304592
1301657
1304834
1302237
1304724
1304633
1301213
1300128
1305364
1303596
1300953
1302100
1300610
1305243
1300847
1304248
1304671
1304582
1301545
1304510
1301346
1302612
1300518
1300892
1305351
1302896
1303451
1302476
1303614
1304713
1301013
1301812
1300667
1300043
1304401
1301120
1304383
1304318
1302399
1301857
1305133
1304608
1304411
1305812
1302673
1303280
1305611
1300472
1304537
1302708
1300581
1303385
1305473
1301397
1303974
1300149
1304944
1305089
1301775
1303445
1302057
1300846
1301008
1303218
1304069
1301593
1304644
1304113
1303767
1300994
1304197
1303269
1302040
1302098
1300208
1300757
1305366
1300215
1301246
1304781
1300453
1302209
1302785
1304814
1303286
1301923
1302597
1304919
1300093
1300908
1301808
1303038
1301732
1300417
1301938
1301825
1300434
1303925
1301836
1300294
1305741
1301652
1303144
1303940
1303588
1300907
1300247
1302368
1303205
1305292
1302099
1302468
1304945
1304453
1302075
1305476
1305149
1304151
1303470
1305576
1303631
1302965
1300394
1300354
1300138
1303452
1302774
1301497
1303279
1304019
1305110
1301222
1301462
1300430
1305272
1304981
1303728
1301550
1300526
1301926
1303967
1305117
1305041
1304924
1300475
1302122
1301416
1301952
1301949
1302095
1300060
1301178
1304494
1304659
1300702
1301140
1303658
1303777
1300659
1300832
1301402
1302908
1301811
1300620
1301943
1302192
1304624
1305021
1300503
1302598
1303058
1301521
1305662
1301391
1304565
1302312
1304806
1301501
1302373
1305004
1304568
1300104
1300591
1304131
1302817
1300671
1302938
1301767
1301651
1303644
1304711
1302222
1303796
1301978
1302370
1301515
1305934
1304809
1300777
1303539
1302084
1303555
1303259
1303848
1300292
1304526
1302599
1300931
1300827
1303977
1305225
1300141
1301668
1303928
1305844
1301834
1301560
1305873
1300207
1304164
1301163
1305156
1305710
1300609
1304273
1304297
1301107
1305233
1305106
1302543
1304757
1301886
1304595
1300501
1300571
1301142
1303570
1302140
1305131
1301358
1305999
1302617
1303830
1303939
1300029
1302411
1303821
1305968
1303931
1300040
1301413
1304020
1301385
1300048
1304263
1305478
1303435
1305593
1301419
1304192
1303936
1301277
1300594
1302117
1305903
1300554
1304031
1302374
1303845
1304658
1302586
1304098
1305992
1303112
1301823
1304623
1303583
1304309
1303804
1302473
1303274
1305590
1305682
1305419
1302247
1300661
1304625
1305740
1305411
1301948
1305314
1303294
1304005
1302603
1301881
1304352
1304950
1304452
1303851
1304304
1304835
1302365
1302009
1302427
1304721
1305322
1303897
1303913
1301860
1300990
1302470
1300967
1304999
1302425
1300298
1301792
1300538
1302356
1303714
1300284
1305791
1302521
1305504
1304972
1304385
1303820
1303647
1303238
1304601
1301770
1304710
1301015
1305242
1302621
1302422
1302143
1305338
1300911
1300320
1302221
1302042
1304247
1305181
1300881
1304982
1304791
1305236
1302880
1305134
1301470
1301052
1300576
1305324
1305458
1305439
1300725
1302382
1300333
1304695
1300252
1302960
1304317
1301974
1303746
1302456
1304492
1303446
1300871
1304393
1303734
1305720
1300297
1302645
1303650
1300209
1304916
1305443
1302696
1304121
1300249
1301875
1305582
1301425
1300986
1305728
1300384
1301334
1302480
1304692
1302387
1303072
1302154
1304491
1300800
1300839
1304498
1300752
1301133
1300119
1302746
1302103
1301476
1304103
1302716
1302994
1302783
1301591
1301442
1305665
1305988
1305635
1302733
1302129
1305711
1302853
1303232
1300824
1300749
1301423
1300549
1304621
1305637
1302710
1301516
1302135
1305520
1301859
1300437
1304842
1303896
1301447
1304730
1303990
1300033
1305656
1304202
1304907
1301438
1301856
1300651
1304325
1304326
1304071
1302238
1305335
1303617
1302159
1302753
1300890
1304627
1303524
1303769
1301530
1301699
1302082
1304413
1303227
1301835
1304229
1301592
1300650
1301790
1303505
1304581
1300562
1301326
1301186
1300942
1300211
1305248
1304463
1300828
1300955
1302626
1304864
1300801
1302736
1302825
1301847
1301600
1302676
1301421
1300582
1303001
1303535
1300322
1303059
1301252
1303285
1304726
1305331
1300467
1303663
1302145
1303186
1303350
1300522
1301480
1302580
1305816
1302558
1300238
1304084
1300272
1303748
1304606
1302347
1304808
1303653
1301072
1302136
1300693
1305099
1302068
1300448
1302471
1300118
1300621
1303698
1305011
1305508
1302276
1305915
1302160
1304009
1304235
1302986
1301267
1305528
1301544
1301042
1301060
1302236
1301723
1301275
1305986
1304476
1304660
1301034
1300912
1305906
1300042
1301710
1304550
1302926
1302609
1300759
1302833
1303408
1303008
1305309
1302288
1305261
1301746
1302668
1302245
1300779
1303785
1302490
1301467
1302743
1305909
1301752
1304109
1303139
1302255
1303693
1301951
1302999
1303042
1305229
1301170
1304707
1300219
1304027
1304419
1303094
1303575
1304042
1301357
1301492
1304336
1300527
1301980
1305402
1303154
1302772
1304256
1303402
1304471
1300923
1303185
1303638
1302670
1302384
1301801
1304910
1305263
1301134
1301487
1302234
1303438
1301126
1303595
1304407
1304830
1302803
1305846
1301088
1303818
1301756
1302332
1305077
1302651
1304092
1300524
1302487
1304646
1304283
1303934
1301235
1305038
1302737
1303162
1302393
1305054
1303100
1304593
1300360
1300367
1301155
1302083
1305881
1301793
1305432
1300855
1305961
1305079
1302175
1302028
1305485
1301620
1300319
1303538
1304894
1305931
1302479
1300721
1300188
1300789
1301691
1305612
1301598
1302015
1305904
1301263
1302162
1305585
1300929
1304878
1305316
1301658
1305820
1305197
1304951
1301683
1302868
1300072
1302090
1303047
1302063
1304144
1300877
1304886
1302722
1301110
1302406
1303548
1304489
1304587
1301700
1304760
1303699
1300797
1303630
1301157
1305647
1301424
1302790
1305207
1305431
1301199
1304665
1302071
1303289
1303747
1305174
1301449
1301680
1305933
1302051
1303762
1303774
1300480
1302166
1300459
1302210
1305094
1304067
1301728
1304961
1304274
1303709
1303331
1302924
1301819
1305655
1301607
1303248
1303334
1304348
1302811
1303273
1304687
1301507
1301046
1305707
1305872
1303353
1305255
1303899
1302169
1301908
1301400
1304279
1301232
1305976
1301482
1303122
1304378
1300154
1300370
1300915
1300000
1303146
1302528
1305342
1303491
1301523
1302681
1300086
1300821
1303751
1302442
1304572
1301991
1300766
1305980
1302690
1305513
1304039
1300317
1301306
1300954
1300539
1302525
1300388
1305470
1301540
1304271
1302361
1304767
1300432
1303200
1303368
1303773
1305581
1300006
1304892
1303024
1305735
1300926
1303568
1300220
1301907
1304691
1303073
1301396
1302593
1305037
1303565
1303888
1300724
1304126
1304311
1305030
1303357
1301360
1303959
1300343
1303807
1300403
1303793
1302793
1302779
1300065
1302860
1302589
1301684
1305023
1303669
1301832
1302891
1305069
1303541
1301876
1300469
1304521
1303701
1305317
1302369
1302295
1302220
1302750
1300996
1303135
1301782
1302796
1305525
1303230
1301753
1300200
1301304
1302114
1300804
1304296
1304186
1303865
1304875
1301207
1303203
1301189
1301936
1301212
1300593
1305039
1300520
1300510
1302520
1301547
1300269
1305252
1305072
1305300
1300423
1302133
1303226
1300928
1305206
1301132
1305538
1301265
1301609
1303549
1305565
1301159
1302027
1301929
1305450
1300934
1305009
1305568
1300457
1304904
1303768
1301080
1302943
1304054
1305594
1301325
1302431
1300505
1303950
1304204
1300627
1300714
1302092
1305884
1301877
1302183
1302527
1301813
1305212
1302304
1301227
1303307
1301201
1305050
1300428
1301082
1304965
1301930
1303457
1305900
1302969
1303054
1300075
1303231
1305897
1300084
1304456
1302420
1302555
1305031
1300431
1303944
1303902
1302524
1305027
1301758
1305081
1300052
1303741
1302709
1304431
1303805
1301512
1304474
1303060
1305678
1304222
1302394
1303972
1300136
1301383
1302287
1301578
1304983
1301206
1302311
1305381
1304424
1305339
1304446
1301452
1300059
1305930
1301407
1300350
1301999
1304272
1303301
1305392
1300823
1303715
1302794
1304705
1303277
1301268
1305096
1301324
1303461
1301841
1302225
1301922
1302089
1303405
1304030
1304885
1302017
1300798
1303739
1305626
1303797
1300985
1303510
1304180
1304500
1304740
1300636
1301012
1304914
1302595
1302270
1301697
1303668
1301924
1302477
1302698
1300841
1301548
1301720
1305285
1301375
1301543
1305494
1301503
1300670
1305957
1304080
1300675
1302292
1302545
1303469
1303567
1300203
1302125
1303718
1302329
1303392
1303927
1300746
1305132
1301388
1304991
1304184
1303397
1304588
1303737
1300444
1301576
1304438
1304255
1302056
1301696
1301972
1305677
1304773
1302340
1301069
1303551
1305251
1301849
1304826
1300229
1302115
1301371
1305789
1301456
1300361
1302535
1305466
1303882
1300034
1304496
1303349
1304380
1301810
1300543
1303552
1305090
1300267
1300981
1304994
1301495
1300859
1304812
1300747
1304219
1305481
1305065
1305313
1303126
1302402
1300460
1301238
1302721
1304284
1301722
1300775
1304579
1303585
1304278
1300782
1305687
1301392
1305160
1303954
1303125
1300535
1300266
1305702
1304282
1301081
1302552
1304483
1303429
1305250
1303713
1303102
1305358
1300876
1303199
1301757
1304481
1302199
1300837
1305005
1302441
1301656
1305801
1304072
1303894
1304532
1301348
1305534
1303643
1305503
1300897
1304638
1302735
1301499
1301957
1300700
1300962
1301562
1304368
1305460
1302955
1300391
1301193
1305271
1300375
1303556
1302397
1305523
1305901
1305549
1304245
1304884
1300607
1301096
1304238
1304259
1301198
1303948
1305126
1302235
1302542
1304840
1300011
1300695
1301916
1301676
1300682
1303727
1301303
1305024
1300863
1300447
1304933
1304802
1300649
1300395
1300158
1301073
1303026
1302510
1305002
1300381
1302996
1304839
1300458
1305606
1303515
1303332
1300325
1304028
1305025
1302486
1304464
1301870
1300187
1302377
1305296
1300250
1301660
1302998
1303477
1301925
1300922
1301305
1300853
1301693
1301411
1300885
1301191
1302806
1303862
1305379
1304306
1301022
1305769
1305336
1305642
1300151
1300483
1300022
1304053
1301335
1301566
1300642
1305630
1303859
1301824
1304376
1300341
1303340
1305409
1300160
1301457
1302978
1305595
1303501
1302398
1303605
1302173
1304804
1305196
1305511
1301313
1301221
1305919
1300606
1305098
1300997
1303620
1302289
1304024
1304249
1303029
1302855
1301686
1302156
1304525
1305697
1300192
1303240
1304011
1304664
1303314
1304443
1301539
1304615
1300135
1300557
1300170
1302694
1302281
1300629
1301367
1301434
1301915
1301009
1300674
1300875
1304372
1301765
1302981
1301443
1305497
1302953
1304243
1302357
1301967
1301041
1305860
1305734
1302293
1300241
1300657
1302128
1303837
1305619
1304771
1303841
1303027
1303173
1301331
1301889
1302653
1301243
1304780
1304749
1301150
1305921
1305346
1305142
1300127
1303520
1303150
1300152
1303868
1301594
1305020
1303413
1301020
1303803
1304165
1305479
1303403
1305306
1302724
1300001
1301311
1301361
1302770
1304752
1303866
1303449
1303193
1302366
1301369
1304330
1300977
1305955
1300940
1305159
1300697
1303057
1304651
1302381
1302506
1302178
1301715
1302285
1305179
1304169
1305836
1303965
1302174
1305115
1303093
1301310
1301989
1304540
1300692
1301254
1303292
1305211
1305116
1300755
1300703
1300711
1304888
1301893
1303219
1304813
1304874
1304373
1304428
1301588
1305977
1303352
1305062
1303757
1301564
1304577
1303327
1301568
1305727
1303356
1300463
1301979
1304863
1301826
1303221
1301431
1305953
1303253
1301148
1301730
1304495
1301368
1304270
1301635
1300442
1305946
1303360
1303284
1301464
1305369
1300988
1300212
1305264
1304267
1303870
1305382
1301192
1303559
1300613
1301272
1305724
1301838
1300054
1302465
1300817
1305510
1304163
1303480
1303304
1303815
1302624
1303386
1303380
1302886
1300109
1305463
1301513
1304777
1305868
1301414
1304441
1300382
1304785
1303158
1304253
1305863
1300919
1300793
1302418
1302204
1303249
1300024
1305995
1303224
1302458
1304485
1300345
1300263
1303995
1304241
1300268
1303010
1300374
1301665
1302731
1304335
1304101
1302409
1300550
1304275
1302218
1304340
1304755
1303487
1303675
1303949
1304778
1300482
1301581
1304159
1304497
1304873
1305765
1304849
1302831
1303415
1300909
1305203
1303580
1304384
1304106
1300099
1303411
1302667
1302353
1302732
1302102
1300826
1300490
1303046
1300791
1304010
1302401
1302299
1300013
1300784
1303703
1301165
1303537
1305698
1305049
1303761
1302867
1305657
1301561
1302707
1300964
1301863
1303291
1302723
1305704
1304643
1303456
1304093
1302438
1305136
1304881
1303695
1302446
1301381
1302725
1304967
1301070
1301226
1303982
1302087
1301354
1301698
1305540
1302990
1305543
1302104
1300153
1302380
1300053
1304859
1304392
1304286
1303660
1301988
1303651
1303377
1302857
1300987
1303904
1305290
1305266
1301289
1303364
1303840
1302684
1303420
1302451
1303831
1305175
1303183
1304111
1305220
1302386
1303367
1303098
1304207
1305228
1305400
1303766
1305551
1302499
1305648
1303096
1304045
1305058
1301173
1301733
1300849
1302290
1301468
1303005
1303319
1302085
1304460
1303562
1305804
1302246
1303110
1303646
1305781
1301136
1303706
1305095
1302755
1301095
1301910
1305777
1301023
1304365
1304117
1301682
1300895
1302972
1304970
1303506
1301912
1304784
1300831
1301744
1301784
1303664
1300951
1304817
1302375
1303783
1301795
1300455
1305182
1305700
1305556
1303827
1305007
1301258
1300918
1304776
1300124
1300566
1301517
1302022
1303530
1300751
1303753
1300347
1301475
1301759
1303752
1301903
1305780
1305829
1300177
1300677
1303036
1304257
1304805
1302993
1301914
1304422
1301284
1303526
1301861
1303407
1305008
1305772
1300047
1300956
1300107
1304768
1301615
1302215
1305643
1304203
1305022
1303775
1302538
1304095
1301393
1300563
1301634
1305376
1304828
1300116
1301586
1300898
1305862
1300787
1300589
1301931
1302644
1304408
1302693
1303118
1305898
1305474
1303074
1303088
1300497
1302273
1305253
1301218
1302719
1301601
1305650
1301831
1300071
1305198
1301317
1302342
1300237
1303143
1304963
1305468
1301318
1300825
1304541
1303210
1305425
1301776
1301469
1302065
1303213
1303951
1304928
1304987
1300004
1304468
1304433
1301534
1302020
1305942
1301488
1302157
1305517
1305328
1305223
1303003
1304630
1300980
1305167
1302253
1302567
1303504
1303710
1303598
1305713
1302034
1304567
1305451
1301486
1304427
1301766
1301595
1303309
1301203
1303847
1304434
1304367
1304764
1305880
1304216
1303147
1301355
1303255
1303887
1305773
1304201
1305145
1303696
1304929
1300845
1305113
1302443
1304250
1304616
1304936
1302892
1302840
1304917
1303586
1301709
1303933
1300408
1305447
1305960
1302570
1304303
1305694
1302355
1305257
1302765
1302212
1303788
1302013
1302579
1302066
1302660
1303553
1303839
1305186
1303576
1302576
1305963
1300868
1303103
1301378
1303241
1305278
1304472
1305885
1303247
1300202
1305268
1305732
1303725
1304548
1305640
1303692
1304179
1301649
1305974
1304404
1302749
1303911
1300332
1302915
1301377
1304087
1301729
1300270
1302452
1303750
1300643
1304524
1301124
1302241
1303192
1304980
1302108
1300198
1305282
1304795
1302939
1301128
1302208
1300340
1305444
1303760
1304990
1303462
1300058
1303906
1302354
1302727
1301137
1302123
1300167
1304160
1305275
1301816
1305370
1300371
1301323
1303281
1305287
1303395
1303423
1301135
1302768
1300500
1301030
1302077
1301928
1302116
1304939
1303161
1300989
1301887
1303917
1304552
1304518
1302205
1300344
1300435
1304233
1305397
1304350
1304666
1304240
1303534
1302895
1304877
1305171
1305759
1302623
1302712
1303592
1304825
1303705
1301269
1304709
1302224
1304751
1305928
1301642
1300910
1301670
1305680
1305744
1303618
1304036
1304689
1300276
1303078
1304289
1305916
1303836
1304613
1301408
1301162
1301873
1301771
1300090
1303582
1303164
1300519
1300699
1301481
1300307
1303052
1302745
1305493
1305547
1300960
1303387
1302974
1302336
1305703
1300233
1300819
1301105
1303962
1301602
1301519
1301941
1305375
1304723
1300913
1305118
1302383
1305866
1302012
1303963
1302887
1305802
1303689
1303209
1302991
1300397
1304127
1305279
1301440
1304941
1305319
1300948
1302564
1303817
1305911
1300616
1303124
1302738
1302976
1301366
1305092
1300103
1300356
1301610
1305917
1305746
1303603
1305067
1305817
1302485
1303134
1300790
1303348
1301010
1301448
1303991
1300509
1302203
1304195
1303465
1305441
1300768
1301639
1302439
1300864
1302086
1305663
1305128
1302421
1300050
1303326
1301590
1302076
1305925
1301035
1301056
1301574
1300406
1303717
1301276
1300369
1300729
1305645
1302069
1302655
1304118
1305035
1301921
1303427
1302120
1303517
1300165
1300216
1300523
1304948
1302318
1301702
1301705
1300561
1301714
1305082
1300326
1304314
1301597
1300738
1301934
1303442
1305052
1301667
1302930
1300614
1303030
1302144
1302274
1300327
1300662
1305100
1304078
1302509
1302844
1303812
1305416
1305730
1301750
1304310
1303106
1303941
1305281
1301493
1303594
1304719
1305984
1304440
1301064
1305910
1300533
1301703
1303823
1300773
1302763
1305423
1304954
1301185
1305244
1301772
1302440
1304432
1305298
1302792
1302041
1300315
1304514
1302565
1301969
1301505
1301382
1300114
1305701
1305398
1305544
1302093
1305826
1304353
1304173
1300125
1300537
1303166
1305843
1301349
1302590
1302214
1305499
1304538
1302782
1304210
1305421
1305878
1305125
1305785
1303322
1300761
1305932
1300806
1304300
1305496
1300802
1301718
1301234
1304341
1301270
1300970
1301901
1302980
1303251
1300256
1305341
1301477
1305783
1305857
1305601
1303543
1300856
1301054
1305404
1305745
1301394
1304699
1303798
1304070
1303075
1302950
1301644
1300652
1303169
1301937
1303731
1305717
1301977
1303422
1302804
1302168
1301437
1301441
1304508
1305625
1303311
1305147
1305349
1305850
1300619
1301180
1302358
1305232
1305539
1302472
1301636
1304527
1300605
1300737
1301053
1305344
1304129
1302494
1305489
1301025
1302914
1303926
1300712
1302970
1305719
1303915
1303190
1305442
1301608
1300363
1303032
1305541
1302665
1303330
1303211
1301518
1305831
1300586
1305755
1303006
1302158
1301403
1305731
1300049
1305973
1301299
1300401
1304847
1301016
1304872
1302641
1301589
1305347
1303494
1305378
1305185
1305305
1300830
1305859
1302828
1304876
1301573
1305057
1303208
1304244
1303858
1302671
1301210
1300493
1305453
1305786
1302105
1302826
1301049
1305164
1304962
1302184
1303128
1302773
1302317
1303607
1305987
1304612
1303824
1303113
1300722
1300894
1303662
1301237
1303854
1304796
1304388
1302177
1303275
1304786
1300653
1303097
1300464
1301389
1303531
1301130
1300387
1303325
1300633
1304170
1303303
1304062
1304048
1305001
1304217
1303181
1302604
1303204
1302152
1305670
1303602
1303720
1305394
1300944
1305712
1303486
1303874
1300818
1302704
1304697
1303980
1302455
1301546
1305418
1304364
1304611
1300974
1304447
1302632
1302730
1305716
1305659
1300632
1303634
1304560
1302988
1300880
1303145
1305304
1304614
1301429
1301800
1303528
1304029
1305782
1300601
1303679
1303261
1304733
1303044
1301439
1303129
1301677
1302697
1300528
1303329
1304354
1304342
1305519
1301621
1303814
1305371
1304110
1302045
1301553
1305213
1300261
1300673
1301971
1300688
1302818
1301264
1303043
1301401
1305738
1305363
1304140
1304499
1304486
1303479
1302864
1301432
1304937
1301003
1302702
1304066
1302400
1303342
1303813
1303992
1303195
1305231
1300548
1301672
1300051
1304862
1303453
1304025
1302559
1302898
1300597
1304073
1304058
1303069
1302316
1302630
1302637
1303850
1301300
1303579
1305763
1302249
1301604
1304215
1302038
1302824
1304442
1304547
1303895
1303558
1300634
1304480
1300762
1301459
1304988
1301430
1305384
1305674
1301094
1304402
1304803
1305686
1302233
1301796
1300496
1300833
1301942
1304770
1301273
1303114
1305396
1304870
1300225
1302014
1304893
1301453
1305012
1302266
1301001
1305484
1302754
1302807
1305651
1303922
1305014
1303732
1302622
1301689
1302616
1304902
1300017
1304861
1300685
1303270
1305714
1305270
1303591
1304405
1302043
1303220
1304444
1304822
1305644
1301913
1302936
1305971
1300123
1303900
1305840
1303384
1303246
1303242
1304756
1301624
1303776
1304952
1302305
1305796
1304085
1302003
1301153
1304901
1304831
1301970
1301802
1301504
1302766
1305592
1304268
1304000
1304344
1305706
1305871
1300745
1303563
1305471
1303320
1303312
1300969
1304899
1303048
1303700
1303460
1305726
1301067
1305529
1304744
1305604
1304189
1303561
1304224
1305600
1305224
1303509
1304964
1300573
1300665
1300113
1302511
1301984
1302618
1304139
1301202
1302554
1304223
1302967
1304669
1305858
1300943
1305768
1300129
1305849
1305832
1303398
1302408
1302944
1304157
1304332
1302254
1305148
1304513
1301086
1304578
1302962
1303421
1304670
1303744
1304748
1302801
1303488
1302611
1303066
1302827
1302189
1304063
1303306
1301850
1300338
1302776
1300858
1300608
1301944
1304333
1303597
1302839
1304119
1302435
1305289
1303372
1302517
1304074
1300003
1302186
1300741
1304461
1300005
1304324
1303104
1303237
1300421
1304075
1304108
1301902
1302588
1305312
1303482
1301645
1301489
1300656
1303316
1303800
1302464
1304563
1304161
1300772
1301542
1300025
1300698
1300753
1305219
1302072
1303282
1302395
1301842
1303999
1300181
1303519
1304403
1301911
1303960
1301205
1304576
1304285
1304629
1305608
1301410
1302566
1302563
1305048
1303159
1300290
1304226
1305664
1300358
1301498
1302067
1300569
1303366
1305639
1305589
1303436
1304214
1304642
1300552
1305141
1303690
1301880
1302601
1303439
1302648
1303416
1303802
1305956
1300026
1305861
1304523
1303554
1302878
1304232
1300715
1301478
1302484
1303468
1301918
1303085
1305437
1304331
1302523
1302379
1305950
1301587
1305792
1305135
1303743
1304977
1304759
1302823
1300479
1305877
1304013
1300473
1305912
1300950
1301788
1301101
1300512
1301525
1304171
1304449
1300087
1303466
1301580
1300822
1303792
1302888
1304454
1305438
1301806
1301721
1305414
1301328
1300506
1304150
1302137
1303179
1305658
1305187
1305170
1302966
1304360
1302091
1302262
1303215
1303681
1305537
1303789
1303581
1305256
1304807
1302550
1303677
1301631
1302647
1305307
1302822
1302060
1304017
1300193
1304655
1302812
1303533
1300663
1305029
1301874
1304315
1302243
1301955
1305927
1305896
1301701
1305618
1302788
1302847
1303942
1305480
1305924
1302088
1305758
1301347
1300018
1305505
1305753
1302350
1305890
1305122
1304918
1302023
1302899
1304677
1305822
1303612
1301322
1304012
1302130
1304377
1304501
1302666
1305247
1302620
1305627
1301572
1301872
1300731
1302971
1302531
1300097
1305209
1304996
1305262
1303645
1304788
1303997
1302973
1305578
1302964
1301026
1303388
1304931
1304971
1300878
1303772
1303872
1304115
1305750
1304490
1302024
1300709
1303973
1301626
1301175
1302492
1300676
1304397
1305350
1303268
1300222
1300023
1301380
1302605
1300726
1302606
1301900
1303293
1303513
1305380
1300390
1304943
1300771
1301121
1300921
1304544
1302813
1304930
1305165
1305851
1302410
1300713
1303358
1305993
1302956
1300385
1301090
1302728
1304968
1300070
1301103
1303764
1301061
1302983
1303511
1305762
1302519
1301764
1300851
1302282
1301694
1300016
1302437
1300645
1305434
1305815
1305374
1302284
1305634
1305574
1303873
1301711
1305997
1304561
1305221
1301839
1301215
1304349
1304727
1301511
1300717
1300896
1304959
1303254
1304896
1305194
1305558
1305834
1303404
1300309
1304065
1300214
1303566
1302631
1304450
1304515
1304292
1305430
1304986
1300044
1300803
1304052
1301531
1305169
1305163
1304436
1301852
1302335
1304683
1301420
1302815
1304445
1301164
1304653
1305622
1302216
1304921
1302572
1303496
1304102
1302283
1301127
1303354
1304181
1301109
1302037
1301883
1304046
1305056
1302643
1300584
1305557
1301188
1304391
1305407
1305586
1300007
1304897
1303256
1305446
1304147
1305124
1302884
1301037
1305660
1301961
1304155
1304819
1302280
1301384
1305869
1304280
1302314
1303393
1304926
1305596
1301940
1303489
1300014
1300785
1301958
1303345
1304626
1303726
1300121
1304382
1300197
1301344
1303770
1301071
1300461
1302873
1301769
1303250
1300792
1300973
1305705
1301679
1303636
1305348
1302689
1305326
1301280
1305459
1304457
1302947
1305923
1301266
1302816
1300612
1303040
1304230
1305498
1303673
1304992
1301119
1305947
1301074
1304130
1303064
1302740
1305454
1305068
1300813
1305091
1300189
1300283
1303081
1302780
1302752
1302315
1300466
1301365
1304865
1300596
1302004
1303784
1304236
1303495
1305784
1305944
1304188
1304295
1300331
1300476
1305028
1301219
1304946
1304185
1300253
1303587
1304425
1302798
1302771
1305548
1305607
1305040
1304958
1305632
1304298
1303921
1302436
1305214
1301983
1303659
1302866
1301536
1302893
1304506
1302512
1303013
1303207
1302615
1303431
1304903
1305377
1301177
1305886
1304415
1304585
1302544
1300567
1301500
1304196
1305882
1302291
1305101
1300179
1302430
1300308
1305153
1301865
1305533
1305457
1304580
1303912
1303932
1300378
1305788
1305571
1304050
1303229
1303822
1304148
1303629
1302211
1301329
1305240
1305620
1305818
1301079
1302180
1303632
1305191
1300917
1304172
1302096
1301102
1305424
1302610
1301017
1300564
1301526
1300289
1303234
1302008
1300030
1305570
1300353
1304895
1302958
1304187
1302036
1301584
1300148
1303835
1302483
1301996
1301278
1300349
1301878
1304602
1305046
1303806
1303055
1301406
1303903
1302530
1301093
1304920
1300323
1303188
1302977
1304239
1303674
1300474
1300420
1303584
1304138
1300185
1300774
1301230
1305654
1304607
1304400
1300242
1300758
1304663
1303654
1302372
1304313
1300091
1304469
1301302
1303197
1302569
1305161
1302948
1303755
1302265
1302672
1300314
1303298
1305178
1302094
1305249
1305469
1300487
1301828
1302726
1300470
1304079
1300168
1302711
1305970
1305809
1301559
1300481
1302513
1304586
1305867
1305112
1301435
1305693
1303490
1304114
1300489
1302124
1302890
1304534
1303801
1304940
1305636
1301011
1304133
1303370
1303975
1303283
1303853
1301330
1300704
1304417
1301964
1305340
1305500
1305043
1305006
1304123
1302945
1302882
1304909
1304099
1305613
1303687
1302940
1305959
1302931
1304789
1302319
1303640
1300248
1304551
1302146
1303007
1303599
1301117
1304339
1301279
1300763
1301168
1300223
1304488
1301204
1302846
1303881
1304301
1303893
1303557
1303012
1302039
1300888
1303216
1304891
1303168
1301845
1304026
1303444
1304083
1301471
1302362
1305774
1304772
1302242
1305964
1304091
1304533
1305841
1301947
1303626
1305945
1305390
1302405
1300622
1305086
1302053
1304057
1301616
1303883
1303130
1302272
1305218
1305681
1303545
1305286
1301473
1301932
1303373
1305071
1303735
1300009
1302905
1302881
1304763
1303778
1303117
1304343
1300130
1303155
1303267
1300108
1303121
1303344
1302876
1304854
1301077
1302777
1304880
1303425
1300484
1303816
1301738
1305562
1300199
1304511
1304199
1305621
1302916
1300575
1304708
1302849
1303244
1302297
1301673
1305985
1304559
1303131
1304871
1300346
1303443
1300639
1304153
1305353
1305297
1305676
1302344
1305195
1304852
1300328
1303639
1304520
1304176
1302674
1303414
1302582
1304793
1302388
1303315
1301509
1303132
1305367
1300120
1301748
1305965
1301508
1301376
1301364
1301050
1300560
1303536
1303051
1303869
1303474
1305875
1301890
1304736
1303492
1302935
1305258
1305222
1303514
1301618
1304908
1305073
1304985
1302596
1300415
1303889
1300257
1302048
1303525
1300449
1300377
1302904
1300232
1302331
1303943
1304023
1303623
1304801
1301798
1300706
1304620
1301250
1302613
1302625
1300499
1300204
1303637
1305269
1304783
1303339
1301879
1305177
1302906
1304693
1305273
1302026
1302900
1305870
1304556
1300502
1305445
1300020
1305679
1303686
1304978
1304790
1303324
1303708
1303867
1301271
1303079
1300398
1305742
1303082
1305667
1304081
1304598
1303019
1300485
1305646
1303394
1302359
1305514
1303600
1304088
1305491
1305130
1302571
1304262
1304357
1301000
1301196
1302951
1301675
1303730
1303160
1304047
1300296
1302678
1300494
1303957
1301692
1303031
1302277
1303424
1303217
1302010
1301087
1305204
1303153
1304258
1301029
1300217
1305587
1303463
1305097
1303175
1301274
1305757
1303410
1303061
1304312
1303178
1304386
1305284
1300748
1303624
1303810
1303365
1303635
1302987
1303011
1305060
1302392
1304116
1304146
1303252
1303070
1304906
1303819
1305357
1300624
1304979
1305042
1302903
1300625
1303704
1302762
1303458
1303834
1305452
1305998
1305329
1305448
1302163
1304412
1305093
1305372
1304158
1301463
1300446
1303590
1301939
1304605
1305939
1302488
1304213
1301690
1304281
1304652
1304844
1301707
1303846
1304265
1305766
1304482
1303378
1304657
1301292
1302871
1303383
1303177
1305010
1303419
1302703
1304266
1305938
1304769
1303832
1303212
1304166
1302279
1300558
1300366
1300936
1305361
1304591
1302161
1305234
1303379
1304479
1305542
1300874
1305894
1305044
1303985
1305456
1300145
1304512
1300963
1305874
1302448
1303938
1304154
1301630
1302748
1302995
1304137
1303022
1305624
1301953
1304329
1303308
1305737
1305555
1304410
1303969
1302652
1301821
1304728
1304351
1303341
1300529
1302176
1302191
1303363
1305767
1301059
1305176
1304742
1305311
1303004
1302875
1301582
1303376
1300077
1302345
1305718
1300147
1305184
1304328
1303861
1304553
1302851
1301537
1304389
1300844
1302412
1304359
1304061
1301919
1305426
1303437
1300131
1301894
1300085
1304156
1301444
1305584
1304090
1300546
1301461
1303593
1304475
1304635
1303694
1302491
1301149
1304867
1301724
1305672
1300568
1304308
1303258
1301233
1303667
1303343
1305690
1305989
1304018
1303111
1303672
1305688
1304680
1301966
1302795
1303014
1303198
1302699
1303560
1303856
1305334
1305798
1304889
1305854
1304799
1303359
1303678
1304517
1304925
1304152
1302821
1305899
1302239
1305045
1302917
1302578
1305486
1303497
1303409
1305597
1305591
1305695
1303516
1303464
1304887
1304414
1303652
1304269
1303347
1304833
1302848
1305487
1302705
1300623
1302378
1303321
1301351
1305633
1303852
1303929
1305401
1305599
1301555
1305652
1305790
1305795
1302646
1304702
1300236
1302628
1305019
1303401
1302185
1301960
1301551
1301549
1301290
1302307
1303184
1304955
1304857
1300321
1302729
1300993
1305603
1300932
1300201
1304008
1303090
1303148
1304545
1305920
1303296
1305026
1301287
1303964
1305109
1304174
1304487
1303724
1303233
1304451
1304779
1301075
1303086
1305088
1303608
1304465
1304850
